198023 / 605615
0 -100 10 -90 10 -90 20 -80 15 -85 25 -75 25 -75 35 -65 
100 0 110 10 110 10 120 20 115 15 125 25 125 25 135 35 
-10 -110 0 -100 0 -100 10 -90 5 -95 15 -85 15 -85 25 -75 
90 -10 100 0 100 0 110 10 105 5 115 15 115 15 125 25 
-10 -110 0 -100 0 -100 10 -90 5 -95 15 -85 15 -85 25 -75 
90 -10 100 0 100 0 110 10 105 5 115 15 115 15 125 25 
-20 -120 -10 -110 -10 -110 0 -100 -5 -105 5 -95 5 -95 15 -85 
80 -20 90 -10 90 -10 100 0 95 -5 105 5 105 5 115 15 
-15 -115 -5 -105 -5 -105 5 -95 0 -100 10 -90 10 -90 20 -80 
85 -15 95 -5 95 -5 105 5 100 0 110 10 110 10 120 20 
-25 -125 -15 -115 -15 -115 -5 -105 -10 -110 0 -100 0 -100 10 -90 
75 -25 85 -15 85 -15 95 -5 90 -10 100 0 100 0 110 10 
-25 -125 -15 -115 -15 -115 -5 -105 -10 -110 0 -100 0 -100 10 -90 
75 -25 85 -15 85 -15 95 -5 90 -10 100 0 100 0 110 10 
-35 -135 -25 -125 -25 -125 -15 -115 -20 -120 -10 -110 -10 -110 0 -100 
65 -35 75 -25 75 -25 85 -15 80 -20 90 -10 90 -10 100 0 

198030 / 605615
0 -100 10 -90 10 -90 20 -60 15 -85 25 -75 25 -75 35 -65 
100 0 110 10 110 10 120 20 115 15 125 25 125 25 135 35 
-10 -110 0 -100 0 -100 10 -90 5 -95 15 -85 15 -85 25 -75 
90 -10 100 0 100 0 110 10 105 5 115 15 115 15 125 25 
-10 -110 0 -100 0 -100 10 -90 5 -95 15 -85 15 -85 25 -75 
90 -10 100 0 100 0 110 10 105 5 115 15 115 15 125 25 
-20 -120 -10 -110 -10 -110 0 -100 -5 -105 5 -95 5 -95 15 -85 
80 -20 90 -10 90 -10 100 0 95 -5 105 5 105 5 115 15 
-15 -115 -5 -105 -5 -105 5 -95 0 -100 10 -90 10 -90 20 -80 
85 -15 95 -5 95 -5 105 5 100 0 110 10 110 10 120 20 
-25 -125 -15 -115 -15 -115 -5 -105 -10 -110 0 -100 0 -100 10 -90 
75 -25 85 -15 85 -15 95 -5 90 -10 100 0 100 0 110 10 
-25 -125 -15 -115 -15 -115 -5 -105 -10 -110 0 -100 0 -100 10 -90 
75 -25 85 -15 85 -15 95 -5 90 -10 100 0 100 0 110 10 
-35 -135 -25 -125 -25 -125 -15 -115 -20 -120 -10 -110 -10 -110 0 -100 
65 -35 75 -25 75 -25 85 -15 80 -20 90 -10 90 -10 100 0 

198082 / 605615
0 -100 10 -90 10 -90 20 -40 15 -85 25 -75 25 -75 35 -65 
100 0 110 10 110 10 120 20 115 15 125 25 125 25 135 35 
-10 -110 0 -100 0 -100 10 -90 5 -95 15 -85 15 -85 25 -75 
90 -10 100 0 100 0 110 10 105 5 115 15 115 15 125 25 
-10 -110 0 -100 0 -100 10 -90 5 -95 15 -85 15 -85 25 -75 
90 -10 100 0 100 0 110 10 105 5 115 15 115 15 125 25 
-20 -120 -10 -110 -10 -110 0 -100 -5 -105 5 -95 5 -95 15 -85 
80 -20 90 -10 90 -10 100 0 95 -5 105 5 105 5 115 15 
-15 -115 -5 -105 -5 -105 5 -95 0 -100 10 -90 10 -90 20 -80 
85 -15 95 -5 95 -5 105 5 100 0 110 10 110 10 120 20 
-25 -125 -15 -115 -15 -115 -5 -105 -10 -110 0 -100 0 -100 10 -90 
75 -25 85 -15 85 -15 95 -5 90 -10 100 0 100 0 110 10 
-25 -125 -15 -115 -15 -115 -5 -105 -10 -110 0 -100 0 -100 10 -90 
75 -25 85 -15 85 -15 95 -5 90 -10 100 0 100 0 110 10 
-35 -135 -25 -125 -25 -125 -15 -115 -20 -120 -10 -110 -10 -110 0 -100 
65 -35 75 -25 75 -25 85 -15 80 -20 90 -10 90 -10 100 0 

198091 / 605615
0 -100 10 -90 10 -90 20 -20 15 -85 25 -75 25 -75 35 -65 
100 0 110 10 110 10 120 20 115 15 125 25 125 25 135 35 
-10 -110 0 -100 0 -100 10 -90 5 -95 15 -85 15 -85 25 -75 
90 -10 100 0 100 0 110 10 105 5 115 15 115 15 125 25 
-10 -110 0 -100 0 -100 10 -90 5 -95 15 -85 15 -85 25 -75 
90 -10 100 0 100 0 110 10 105 5 115 15 115 15 125 25 
-20 -120 -10 -110 -10 -110 0 -100 -5 -105 5 -95 5 -95 15 -85 
80 -20 90 -10 90 -10 100 0 95 -5 105 5 105 5 115 15 
-15 -115 -5 -105 -5 -105 5 -95 0 -100 10 -90 10 -90 20 -80 
85 -15 95 -5 95 -5 105 5 100 0 110 10 110 10 120 20 
-25 -125 -15 -115 -15 -115 -5 -105 -10 -110 0 -100 0 -100 10 -90 
75 -25 85 -15 85 -15 95 -5 90 -10 100 0 100 0 110 10 
-25 -125 -15 -115 -15 -115 -5 -105 -10 -110 0 -100 0 -100 10 -90 
75 -25 85 -15 85 -15 95 -5 90 -10 100 0 100 0 110 10 
-35 -135 -25 -125 -25 -125 -15 -115 -20 -120 -10 -110 -10 -110 0 -100 
65 -35 75 -25 75 -25 85 -15 80 -20 90 -10 90 -10 100 0 

198106 / 605615
0 -100 10 -90 10 -90 20 0 15 -85 25 -75 25 -75 35 -65 
100 0 110 10 110 10 120 20 115 15 125 25 125 25 135 35 
-10 -110 0 -100 0 -100 10 -90 5 -95 15 -85 15 -85 25 -75 
90 -10 100 0 100 0 110 10 105 5 115 15 115 15 125 25 
-10 -110 0 -100 0 -100 10 -90 5 -95 15 -85 15 -85 25 -75 
90 -10 100 0 100 0 110 10 105 5 115 15 115 15 125 25 
-20 -120 -10 -110 -10 -110 0 -100 -5 -105 5 -95 5 -95 15 -85 
80 -20 90 -10 90 -10 100 0 95 -5 105 5 105 5 115 15 
-15 -115 -5 -105 -5 -105 5 -95 0 -100 10 -90 10 -90 20 -80 
85 -15 95 -5 95 -5 105 5 100 0 110 10 110 10 120 20 
-25 -125 -15 -115 -15 -115 -5 -105 -10 -110 0 -100 0 -100 10 -90 
75 -25 85 -15 85 -15 95 -5 90 -10 100 0 100 0 110 10 
-25 -125 -15 -115 -15 -115 -5 -105 -10 -110 0 -100 0 -100 10 -90 
75 -25 85 -15 85 -15 95 -5 90 -10 100 0 100 0 110 10 
-35 -135 -25 -125 -25 -125 -15 -115 -20 -120 -10 -110 -10 -110 0 -100 
65 -35 75 -25 75 -25 85 -15 80 -20 90 -10 90 -10 100 0 

198227 / 605615
0 -100 10 -90 10 -90 20 0 15 -105 25 -75 25 -75 35 -65 
100 0 110 10 110 10 120 20 115 15 125 25 125 25 135 35 
-10 -110 0 -100 0 -100 10 -90 5 -95 15 -85 15 -85 25 -75 
90 -10 100 0 100 0 110 10 105 5 115 15 115 15 125 25 
-10 -110 0 -100 0 -100 10 -90 5 -95 15 -85 15 -85 25 -75 
90 -10 100 0 100 0 110 10 105 5 115 15 115 15 125 25 
-20 -120 -10 -110 -10 -110 0 -100 -5 -105 5 -95 5 -95 15 -85 
80 -20 90 -10 90 -10 100 0 95 -5 105 5 105 5 115 15 
-15 -115 -5 -105 -5 -105 5 -95 0 -100 10 -90 10 -90 20 -80 
85 -15 95 -5 95 -5 105 5 100 0 110 10 110 10 120 20 
-25 -125 -15 -115 -15 -115 -5 -105 -10 -110 0 -100 0 -100 10 -90 
75 -25 85 -15 85 -15 95 -5 90 -10 100 0 100 0 110 10 
-25 -125 -15 -115 -15 -115 -5 -105 -10 -110 0 -100 0 -100 10 -90 
75 -25 85 -15 85 -15 95 -5 90 -10 100 0 100 0 110 10 
-35 -135 -25 -125 -25 -125 -15 -115 -20 -120 -10 -110 -10 -110 0 -100 
65 -35 75 -25 75 -25 85 -15 80 -20 90 -10 90 -10 100 0 

198230 / 605615
0 -100 10 -90 10 -90 20 0 15 -105 25 -55 25 -75 35 -65 
100 0 110 10 110 10 120 20 115 15 125 25 125 25 135 35 
-10 -110 0 -100 0 -100 10 -90 5 -95 15 -85 15 -85 25 -75 
90 -10 100 0 100 0 110 10 105 5 115 15 115 15 125 25 
-10 -110 0 -100 0 -100 10 -90 5 -95 15 -85 15 -85 25 -75 
90 -10 100 0 100 0 110 10 105 5 115 15 115 15 125 25 
-20 -120 -10 -110 -10 -110 0 -100 -5 -105 5 -95 5 -95 15 -85 
80 -20 90 -10 90 -10 100 0 95 -5 105 5 105 5 115 15 
-15 -115 -5 -105 -5 -105 5 -95 0 -100 10 -90 10 -90 20 -80 
85 -15 95 -5 95 -5 105 5 100 0 110 10 110 10 120 20 
-25 -125 -15 -115 -15 -115 -5 -105 -10 -110 0 -100 0 -100 10 -90 
75 -25 85 -15 85 -15 95 -5 90 -10 100 0 100 0 110 10 
-25 -125 -15 -115 -15 -115 -5 -105 -10 -110 0 -100 0 -100 10 -90 
75 -25 85 -15 85 -15 95 -5 90 -10 100 0 100 0 110 10 
-35 -135 -25 -125 -25 -125 -15 -115 -20 -120 -10 -110 -10 -110 0 -100 
65 -35 75 -25 75 -25 85 -15 80 -20 90 -10 90 -10 100 0 

198803 / 605615
0 -100 10 -90 10 -90 20 0 15 -105 25 -55 25 -75 55 -65 
100 0 110 10 110 10 120 20 115 15 125 25 125 25 135 35 
-10 -110 0 -100 0 -100 10 -90 5 -95 15 -85 15 -85 25 -75 
90 -10 100 0 100 0 110 10 105 5 115 15 115 15 125 25 
-10 -110 0 -100 0 -100 10 -90 5 -95 15 -85 15 -85 25 -75 
90 -10 100 0 100 0 110 10 105 5 115 15 115 15 125 25 
-20 -120 -10 -110 -10 -110 0 -100 -5 -105 5 -95 5 -95 15 -85 
80 -20 90 -10 90 -10 100 0 95 -5 105 5 105 5 115 15 
-15 -115 -5 -105 -5 -105 5 -95 0 -100 10 -90 10 -90 20 -80 
85 -15 95 -5 95 -5 105 5 100 0 110 10 110 10 120 20 
-25 -125 -15 -115 -15 -115 -5 -105 -10 -110 0 -100 0 -100 10 -90 
75 -25 85 -15 85 -15 95 -5 90 -10 100 0 100 0 110 10 
-25 -125 -15 -115 -15 -115 -5 -105 -10 -110 0 -100 0 -100 10 -90 
75 -25 85 -15 85 -15 95 -5 90 -10 100 0 100 0 110 10 
-35 -135 -25 -125 -25 -125 -15 -115 -20 -120 -10 -110 -10 -110 0 -100 
65 -35 75 -25 75 -25 85 -15 80 -20 90 -10 90 -10 100 0 

198811 / 605615
0 -100 10 -90 10 -90 20 0 15 -105 25 -55 25 -75 75 -65 
100 0 110 10 110 10 120 20 115 15 125 25 125 25 135 35 
-10 -110 0 -100 0 -100 10 -90 5 -95 15 -85 15 -85 25 -75 
90 -10 100 0 100 0 110 10 105 5 115 15 115 15 125 25 
-10 -110 0 -100 0 -100 10 -90 5 -95 15 -85 15 -85 25 -75 
90 -10 100 0 100 0 110 10 105 5 115 15 115 15 125 25 
-20 -120 -10 -110 -10 -110 0 -100 -5 -105 5 -95 5 -95 15 -85 
80 -20 90 -10 90 -10 100 0 95 -5 105 5 105 5 115 15 
-15 -115 -5 -105 -5 -105 5 -95 0 -100 10 -90 10 -90 20 -80 
85 -15 95 -5 95 -5 105 5 100 0 110 10 110 10 120 20 
-25 -125 -15 -115 -15 -115 -5 -105 -10 -110 0 -100 0 -100 10 -90 
75 -25 85 -15 85 -15 95 -5 90 -10 100 0 100 0 110 10 
-25 -125 -15 -115 -15 -115 -5 -105 -10 -110 0 -100 0 -100 10 -90 
75 -25 85 -15 85 -15 95 -5 90 -10 100 0 100 0 110 10 
-35 -135 -25 -125 -25 -125 -15 -115 -20 -120 -10 -110 -10 -110 0 -100 
65 -35 75 -25 75 -25 85 -15 80 -20 90 -10 90 -10 100 0 

198858 / 605615
0 -100 10 -90 10 -90 20 0 15 -105 25 -55 25 -75 75 -85 
100 0 110 10 110 10 120 20 115 15 125 25 125 25 135 35 
-10 -110 0 -100 0 -100 10 -90 5 -95 15 -85 15 -85 25 -75 
90 -10 100 0 100 0 110 10 105 5 115 15 115 15 125 25 
-10 -110 0 -100 0 -100 10 -90 5 -95 15 -85 15 -85 25 -75 
90 -10 100 0 100 0 110 10 105 5 115 15 115 15 125 25 
-20 -120 -10 -110 -10 -110 0 -100 -5 -105 5 -95 5 -95 15 -85 
80 -20 90 -10 90 -10 100 0 95 -5 105 5 105 5 115 15 
-15 -115 -5 -105 -5 -105 5 -95 0 -100 10 -90 10 -90 20 -80 
85 -15 95 -5 95 -5 105 5 100 0 110 10 110 10 120 20 
-25 -125 -15 -115 -15 -115 -5 -105 -10 -110 0 -100 0 -100 10 -90 
75 -25 85 -15 85 -15 95 -5 90 -10 100 0 100 0 110 10 
-25 -125 -15 -115 -15 -115 -5 -105 -10 -110 0 -100 0 -100 10 -90 
75 -25 85 -15 85 -15 95 -5 90 -10 100 0 100 0 110 10 
-35 -135 -25 -125 -25 -125 -15 -115 -20 -120 -10 -110 -10 -110 0 -100 
65 -35 75 -25 75 -25 85 -15 80 -20 90 -10 90 -10 100 0 

198867 / 605615
0 -100 10 -90 10 -90 20 0 15 -105 25 -55 25 -75 75 -85 
100 0 110 10 110 10 120 20 135 15 125 25 125 25 135 35 
-10 -110 0 -100 0 -100 10 -90 5 -95 15 -85 15 -85 25 -75 
90 -10 100 0 100 0 110 10 105 5 115 15 115 15 125 25 
-10 -110 0 -100 0 -100 10 -90 5 -95 15 -85 15 -85 25 -75 
90 -10 100 0 100 0 110 10 105 5 115 15 115 15 125 25 
-20 -120 -10 -110 -10 -110 0 -100 -5 -105 5 -95 5 -95 15 -85 
80 -20 90 -10 90 -10 100 0 95 -5 105 5 105 5 115 15 
-15 -115 -5 -105 -5 -105 5 -95 0 -100 10 -90 10 -90 20 -80 
85 -15 95 -5 95 -5 105 5 100 0 110 10 110 10 120 20 
-25 -125 -15 -115 -15 -115 -5 -105 -10 -110 0 -100 0 -100 10 -90 
75 -25 85 -15 85 -15 95 -5 90 -10 100 0 100 0 110 10 
-25 -125 -15 -115 -15 -115 -5 -105 -10 -110 0 -100 0 -100 10 -90 
75 -25 85 -15 85 -15 95 -5 90 -10 100 0 100 0 110 10 
-35 -135 -25 -125 -25 -125 -15 -115 -20 -120 -10 -110 -10 -110 0 -100 
65 -35 75 -25 75 -25 85 -15 80 -20 90 -10 90 -10 100 0 

199030 / 605615
0 -100 10 -90 10 -90 20 0 15 -105 25 -55 25 -75 75 -85 
100 0 110 10 110 10 120 20 135 15 105 25 125 25 135 35 
-10 -110 0 -100 0 -100 10 -90 5 -95 15 -85 15 -85 25 -75 
90 -10 100 0 100 0 110 10 105 5 115 15 115 15 125 25 
-10 -110 0 -100 0 -100 10 -90 5 -95 15 -85 15 -85 25 -75 
90 -10 100 0 100 0 110 10 105 5 115 15 115 15 125 25 
-20 -120 -10 -110 -10 -110 0 -100 -5 -105 5 -95 5 -95 15 -85 
80 -20 90 -10 90 -10 100 0 95 -5 105 5 105 5 115 15 
-15 -115 -5 -105 -5 -105 5 -95 0 -100 10 -90 10 -90 20 -80 
85 -15 95 -5 95 -5 105 5 100 0 110 10 110 10 120 20 
-25 -125 -15 -115 -15 -115 -5 -105 -10 -110 0 -100 0 -100 10 -90 
75 -25 85 -15 85 -15 95 -5 90 -10 100 0 100 0 110 10 
-25 -125 -15 -115 -15 -115 -5 -105 -10 -110 0 -100 0 -100 10 -90 
75 -25 85 -15 85 -15 95 -5 90 -10 100 0 100 0 110 10 
-35 -135 -25 -125 -25 -125 -15 -115 -20 -120 -10 -110 -10 -110 0 -100 
65 -35 75 -25 75 -25 85 -15 80 -20 90 -10 90 -10 100 0 

199107 / 605615
0 -100 10 -90 10 -90 20 0 15 -105 25 -55 25 -75 75 -85 
100 0 110 10 110 10 120 20 135 15 85 25 125 25 135 35 
-10 -110 0 -100 0 -100 10 -90 5 -95 15 -85 15 -85 25 -75 
90 -10 100 0 100 0 110 10 105 5 115 15 115 15 125 25 
-10 -110 0 -100 0 -100 10 -90 5 -95 15 -85 15 -85 25 -75 
90 -10 100 0 100 0 110 10 105 5 115 15 115 15 125 25 
-20 -120 -10 -110 -10 -110 0 -100 -5 -105 5 -95 5 -95 15 -85 
80 -20 90 -10 90 -10 100 0 95 -5 105 5 105 5 115 15 
-15 -115 -5 -105 -5 -105 5 -95 0 -100 10 -90 10 -90 20 -80 
85 -15 95 -5 95 -5 105 5 100 0 110 10 110 10 120 20 
-25 -125 -15 -115 -15 -115 -5 -105 -10 -110 0 -100 0 -100 10 -90 
75 -25 85 -15 85 -15 95 -5 90 -10 100 0 100 0 110 10 
-25 -125 -15 -115 -15 -115 -5 -105 -10 -110 0 -100 0 -100 10 -90 
75 -25 85 -15 85 -15 95 -5 90 -10 100 0 100 0 110 10 
-35 -135 -25 -125 -25 -125 -15 -115 -20 -120 -10 -110 -10 -110 0 -100 
65 -35 75 -25 75 -25 85 -15 80 -20 90 -10 90 -10 100 0 

199109 / 605615
0 -100 10 -90 10 -90 20 0 15 -105 25 -55 25 -75 75 -85 
100 0 110 10 110 10 120 20 135 15 85 25 145 25 135 35 
-10 -110 0 -100 0 -100 10 -90 5 -95 15 -85 15 -85 25 -75 
90 -10 100 0 100 0 110 10 105 5 115 15 115 15 125 25 
-10 -110 0 -100 0 -100 10 -90 5 -95 15 -85 15 -85 25 -75 
90 -10 100 0 100 0 110 10 105 5 115 15 115 15 125 25 
-20 -120 -10 -110 -10 -110 0 -100 -5 -105 5 -95 5 -95 15 -85 
80 -20 90 -10 90 -10 100 0 95 -5 105 5 105 5 115 15 
-15 -115 -5 -105 -5 -105 5 -95 0 -100 10 -90 10 -90 20 -80 
85 -15 95 -5 95 -5 105 5 100 0 110 10 110 10 120 20 
-25 -125 -15 -115 -15 -115 -5 -105 -10 -110 0 -100 0 -100 10 -90 
75 -25 85 -15 85 -15 95 -5 90 -10 100 0 100 0 110 10 
-25 -125 -15 -115 -15 -115 -5 -105 -10 -110 0 -100 0 -100 10 -90 
75 -25 85 -15 85 -15 95 -5 90 -10 100 0 100 0 110 10 
-35 -135 -25 -125 -25 -125 -15 -115 -20 -120 -10 -110 -10 -110 0 -100 
65 -35 75 -25 75 -25 85 -15 80 -20 90 -10 90 -10 100 0 

199342 / 605615
0 -100 10 -90 10 -90 20 0 15 -105 25 -55 25 -75 75 -85 
100 0 110 10 110 10 120 20 135 15 85 25 145 25 115 35 
-10 -110 0 -100 0 -100 10 -90 5 -95 15 -85 15 -85 25 -75 
90 -10 100 0 100 0 110 10 105 5 115 15 115 15 125 25 
-10 -110 0 -100 0 -100 10 -90 5 -95 15 -85 15 -85 25 -75 
90 -10 100 0 100 0 110 10 105 5 115 15 115 15 125 25 
-20 -120 -10 -110 -10 -110 0 -100 -5 -105 5 -95 5 -95 15 -85 
80 -20 90 -10 90 -10 100 0 95 -5 105 5 105 5 115 15 
-15 -115 -5 -105 -5 -105 5 -95 0 -100 10 -90 10 -90 20 -80 
85 -15 95 -5 95 -5 105 5 100 0 110 10 110 10 120 20 
-25 -125 -15 -115 -15 -115 -5 -105 -10 -110 0 -100 0 -100 10 -90 
75 -25 85 -15 85 -15 95 -5 90 -10 100 0 100 0 110 10 
-25 -125 -15 -115 -15 -115 -5 -105 -10 -110 0 -100 0 -100 10 -90 
75 -25 85 -15 85 -15 95 -5 90 -10 100 0 100 0 110 10 
-35 -135 -25 -125 -25 -125 -15 -115 -20 -120 -10 -110 -10 -110 0 -100 
65 -35 75 -25 75 -25 85 -15 80 -20 90 -10 90 -10 100 0 

199881 / 605615
0 -100 10 -90 10 -90 20 0 15 -105 25 -55 25 -75 75 -85 
100 0 110 10 110 10 120 20 135 15 85 25 145 25 95 35 
-10 -110 0 -100 0 -100 10 -90 5 -95 15 -85 15 -85 25 -75 
90 -10 100 0 100 0 110 10 105 5 115 15 115 15 125 25 
-10 -110 0 -100 0 -100 10 -90 5 -95 15 -85 15 -85 25 -75 
90 -10 100 0 100 0 110 10 105 5 115 15 115 15 125 25 
-20 -120 -10 -110 -10 -110 0 -100 -5 -105 5 -95 5 -95 15 -85 
80 -20 90 -10 90 -10 100 0 95 -5 105 5 105 5 115 15 
-15 -115 -5 -105 -5 -105 5 -95 0 -100 10 -90 10 -90 20 -80 
85 -15 95 -5 95 -5 105 5 100 0 110 10 110 10 120 20 
-25 -125 -15 -115 -15 -115 -5 -105 -10 -110 0 -100 0 -100 10 -90 
75 -25 85 -15 85 -15 95 -5 90 -10 100 0 100 0 110 10 
-25 -125 -15 -115 -15 -115 -5 -105 -10 -110 0 -100 0 -100 10 -90 
75 -25 85 -15 85 -15 95 -5 90 -10 100 0 100 0 110 10 
-35 -135 -25 -125 -25 -125 -15 -115 -20 -120 -10 -110 -10 -110 0 -100 
65 -35 75 -25 75 -25 85 -15 80 -20 90 -10 90 -10 100 0 

200109 / 605615
0 -100 10 -90 10 -90 20 0 15 -105 25 -55 25 -75 75 -85 
100 0 110 10 110 10 120 20 135 15 85 25 145 25 95 35 
-30 -110 0 -100 0 -100 10 -90 5 -95 15 -85 15 -85 25 -75 
90 -10 100 0 100 0 110 10 105 5 115 15 115 15 125 25 
-10 -110 0 -100 0 -100 10 -90 5 -95 15 -85 15 -85 25 -75 
90 -10 100 0 100 0 110 10 105 5 115 15 115 15 125 25 
-20 -120 -10 -110 -10 -110 0 -100 -5 -105 5 -95 5 -95 15 -85 
80 -20 90 -10 90 -10 100 0 95 -5 105 5 105 5 115 15 
-15 -115 -5 -105 -5 -105 5 -95 0 -100 10 -90 10 -90 20 -80 
85 -15 95 -5 95 -5 105 5 100 0 110 10 110 10 120 20 
-25 -125 -15 -115 -15 -115 -5 -105 -10 -110 0 -100 0 -100 10 -90 
75 -25 85 -15 85 -15 95 -5 90 -10 100 0 100 0 110 10 
-25 -125 -15 -115 -15 -115 -5 -105 -10 -110 0 -100 0 -100 10 -90 
75 -25 85 -15 85 -15 95 -5 90 -10 100 0 100 0 110 10 
-35 -135 -25 -125 -25 -125 -15 -115 -20 -120 -10 -110 -10 -110 0 -100 
65 -35 75 -25 75 -25 85 -15 80 -20 90 -10 90 -10 100 0 

200236 / 605615
0 -100 10 -90 10 -90 20 0 15 -105 25 -55 25 -75 75 -85 
100 0 110 10 110 10 120 20 135 15 85 25 145 25 95 35 
-30 -110 0 -100 0 -80 10 -90 5 -95 15 -85 15 -85 25 -75 
90 -10 100 0 100 0 110 10 105 5 115 15 115 15 125 25 
-10 -110 0 -100 0 -100 10 -90 5 -95 15 -85 15 -85 25 -75 
90 -10 100 0 100 0 110 10 105 5 115 15 115 15 125 25 
-20 -120 -10 -110 -10 -110 0 -100 -5 -105 5 -95 5 -95 15 -85 
80 -20 90 -10 90 -10 100 0 95 -5 105 5 105 5 115 15 
-15 -115 -5 -105 -5 -105 5 -95 0 -100 10 -90 10 -90 20 -80 
85 -15 95 -5 95 -5 105 5 100 0 110 10 110 10 120 20 
-25 -125 -15 -115 -15 -115 -5 -105 -10 -110 0 -100 0 -100 10 -90 
75 -25 85 -15 85 -15 95 -5 90 -10 100 0 100 0 110 10 
-25 -125 -15 -115 -15 -115 -5 -105 -10 -110 0 -100 0 -100 10 -90 
75 -25 85 -15 85 -15 95 -5 90 -10 100 0 100 0 110 10 
-35 -135 -25 -125 -25 -125 -15 -115 -20 -120 -10 -110 -10 -110 0 -100 
65 -35 75 -25 75 -25 85 -15 80 -20 90 -10 90 -10 100 0 

200287 / 605615
0 -100 10 -90 10 -90 20 0 15 -105 25 -55 25 -75 75 -85 
100 0 110 10 110 10 120 20 135 15 85 25 145 25 95 35 
-30 -110 0 -100 0 -60 10 -90 5 -95 15 -85 15 -85 25 -75 
90 -10 100 0 100 0 110 10 105 5 115 15 115 15 125 25 
-10 -110 0 -100 0 -100 10 -90 5 -95 15 -85 15 -85 25 -75 
90 -10 100 0 100 0 110 10 105 5 115 15 115 15 125 25 
-20 -120 -10 -110 -10 -110 0 -100 -5 -105 5 -95 5 -95 15 -85 
80 -20 90 -10 90 -10 100 0 95 -5 105 5 105 5 115 15 
-15 -115 -5 -105 -5 -105 5 -95 0 -100 10 -90 10 -90 20 -80 
85 -15 95 -5 95 -5 105 5 100 0 110 10 110 10 120 20 
-25 -125 -15 -115 -15 -115 -5 -105 -10 -110 0 -100 0 -100 10 -90 
75 -25 85 -15 85 -15 95 -5 90 -10 100 0 100 0 110 10 
-25 -125 -15 -115 -15 -115 -5 -105 -10 -110 0 -100 0 -100 10 -90 
75 -25 85 -15 85 -15 95 -5 90 -10 100 0 100 0 110 10 
-35 -135 -25 -125 -25 -125 -15 -115 -20 -120 -10 -110 -10 -110 0 -100 
65 -35 75 -25 75 -25 85 -15 80 -20 90 -10 90 -10 100 0 

200394 / 605615
0 -100 10 -90 10 -90 20 0 15 -105 25 -55 25 -75 75 -85 
100 0 110 10 110 10 120 20 135 15 85 25 145 25 95 35 
-30 -110 0 -100 0 -60 10 -90 5 -95 15 -85 35 -85 25 -75 
90 -10 100 0 100 0 110 10 105 5 115 15 115 15 125 25 
-10 -110 0 -100 0 -100 10 -90 5 -95 15 -85 15 -85 25 -75 
90 -10 100 0 100 0 110 10 105 5 115 15 115 15 125 25 
-20 -120 -10 -110 -10 -110 0 -100 -5 -105 5 -95 5 -95 15 -85 
80 -20 90 -10 90 -10 100 0 95 -5 105 5 105 5 115 15 
-15 -115 -5 -105 -5 -105 5 -95 0 -100 10 -90 10 -90 20 -80 
85 -15 95 -5 95 -5 105 5 100 0 110 10 110 10 120 20 
-25 -125 -15 -115 -15 -115 -5 -105 -10 -110 0 -100 0 -100 10 -90 
75 -25 85 -15 85 -15 95 -5 90 -10 100 0 100 0 110 10 
-25 -125 -15 -115 -15 -115 -5 -105 -10 -110 0 -100 0 -100 10 -90 
75 -25 85 -15 85 -15 95 -5 90 -10 100 0 100 0 110 10 
-35 -135 -25 -125 -25 -125 -15 -115 -20 -120 -10 -110 -10 -110 0 -100 
65 -35 75 -25 75 -25 85 -15 80 -20 90 -10 90 -10 100 0 

200402 / 605615
0 -100 10 -90 10 -90 20 0 15 -105 25 -55 25 -75 75 -85 
100 0 110 10 110 10 120 20 135 15 85 25 145 25 95 35 
-30 -110 0 -100 0 -60 10 -90 5 -95 15 -85 55 -85 25 -75 
90 -10 100 0 100 0 110 10 105 5 115 15 115 15 125 25 
-10 -110 0 -100 0 -100 10 -90 5 -95 15 -85 15 -85 25 -75 
90 -10 100 0 100 0 110 10 105 5 115 15 115 15 125 25 
-20 -120 -10 -110 -10 -110 0 -100 -5 -105 5 -95 5 -95 15 -85 
80 -20 90 -10 90 -10 100 0 95 -5 105 5 105 5 115 15 
-15 -115 -5 -105 -5 -105 5 -95 0 -100 10 -90 10 -90 20 -80 
85 -15 95 -5 95 -5 105 5 100 0 110 10 110 10 120 20 
-25 -125 -15 -115 -15 -115 -5 -105 -10 -110 0 -100 0 -100 10 -90 
75 -25 85 -15 85 -15 95 -5 90 -10 100 0 100 0 110 10 
-25 -125 -15 -115 -15 -115 -5 -105 -10 -110 0 -100 0 -100 10 -90 
75 -25 85 -15 85 -15 95 -5 90 -10 100 0 100 0 110 10 
-35 -135 -25 -125 -25 -125 -15 -115 -20 -120 -10 -110 -10 -110 0 -100 
65 -35 75 -25 75 -25 85 -15 80 -20 90 -10 90 -10 100 0 

200484 / 605615
0 -100 10 -90 10 -90 20 0 15 -105 25 -55 25 -75 75 -85 
100 0 110 10 110 10 120 20 135 15 85 25 145 25 95 35 
-30 -110 0 -100 0 -60 10 -90 5 -95 15 -85 55 -105 25 -75 
90 -10 100 0 100 0 110 10 105 5 115 15 115 15 125 25 
-10 -110 0 -100 0 -100 10 -90 5 -95 15 -85 15 -85 25 -75 
90 -10 100 0 100 0 110 10 105 5 115 15 115 15 125 25 
-20 -120 -10 -110 -10 -110 0 -100 -5 -105 5 -95 5 -95 15 -85 
80 -20 90 -10 90 -10 100 0 95 -5 105 5 105 5 115 15 
-15 -115 -5 -105 -5 -105 5 -95 0 -100 10 -90 10 -90 20 -80 
85 -15 95 -5 95 -5 105 5 100 0 110 10 110 10 120 20 
-25 -125 -15 -115 -15 -115 -5 -105 -10 -110 0 -100 0 -100 10 -90 
75 -25 85 -15 85 -15 95 -5 90 -10 100 0 100 0 110 10 
-25 -125 -15 -115 -15 -115 -5 -105 -10 -110 0 -100 0 -100 10 -90 
75 -25 85 -15 85 -15 95 -5 90 -10 100 0 100 0 110 10 
-35 -135 -25 -125 -25 -125 -15 -115 -20 -120 -10 -110 -10 -110 0 -100 
65 -35 75 -25 75 -25 85 -15 80 -20 90 -10 90 -10 100 0 

200564 / 605615
0 -100 10 -90 10 -90 20 0 15 -105 25 -55 25 -75 75 -85 
100 0 110 10 110 10 120 20 135 15 85 25 145 25 95 35 
-30 -110 0 -100 0 -60 10 -90 5 -95 15 -85 55 -105 25 -75 
90 -10 100 0 100 0 110 10 125 5 115 15 115 15 125 25 
-10 -110 0 -100 0 -100 10 -90 5 -95 15 -85 15 -85 25 -75 
90 -10 100 0 100 0 110 10 105 5 115 15 115 15 125 25 
-20 -120 -10 -110 -10 -110 0 -100 -5 -105 5 -95 5 -95 15 -85 
80 -20 90 -10 90 -10 100 0 95 -5 105 5 105 5 115 15 
-15 -115 -5 -105 -5 -105 5 -95 0 -100 10 -90 10 -90 20 -80 
85 -15 95 -5 95 -5 105 5 100 0 110 10 110 10 120 20 
-25 -125 -15 -115 -15 -115 -5 -105 -10 -110 0 -100 0 -100 10 -90 
75 -25 85 -15 85 -15 95 -5 90 -10 100 0 100 0 110 10 
-25 -125 -15 -115 -15 -115 -5 -105 -10 -110 0 -100 0 -100 10 -90 
75 -25 85 -15 85 -15 95 -5 90 -10 100 0 100 0 110 10 
-35 -135 -25 -125 -25 -125 -15 -115 -20 -120 -10 -110 -10 -110 0 -100 
65 -35 75 -25 75 -25 85 -15 80 -20 90 -10 90 -10 100 0 

200888 / 605615
0 -100 10 -90 10 -90 20 0 15 -105 25 -55 25 -75 75 -85 
100 0 110 10 110 10 120 20 135 15 85 25 145 25 95 35 
-30 -110 0 -100 0 -60 10 -90 5 -95 15 -85 55 -105 25 -75 
90 -10 100 0 100 0 110 10 125 5 115 15 95 15 125 25 
-10 -110 0 -100 0 -100 10 -90 5 -95 15 -85 15 -85 25 -75 
90 -10 100 0 100 0 110 10 105 5 115 15 115 15 125 25 
-20 -120 -10 -110 -10 -110 0 -100 -5 -105 5 -95 5 -95 15 -85 
80 -20 90 -10 90 -10 100 0 95 -5 105 5 105 5 115 15 
-15 -115 -5 -105 -5 -105 5 -95 0 -100 10 -90 10 -90 20 -80 
85 -15 95 -5 95 -5 105 5 100 0 110 10 110 10 120 20 
-25 -125 -15 -115 -15 -115 -5 -105 -10 -110 0 -100 0 -100 10 -90 
75 -25 85 -15 85 -15 95 -5 90 -10 100 0 100 0 110 10 
-25 -125 -15 -115 -15 -115 -5 -105 -10 -110 0 -100 0 -100 10 -90 
75 -25 85 -15 85 -15 95 -5 90 -10 100 0 100 0 110 10 
-35 -135 -25 -125 -25 -125 -15 -115 -20 -120 -10 -110 -10 -110 0 -100 
65 -35 75 -25 75 -25 85 -15 80 -20 90 -10 90 -10 100 0 

201022 / 605615
0 -100 10 -90 10 -90 20 0 15 -105 25 -55 25 -75 75 -85 
100 0 110 10 110 10 120 20 135 15 85 25 145 25 95 35 
-30 -110 0 -100 0 -60 10 -90 5 -95 15 -85 55 -105 25 -75 
90 -10 100 0 100 0 110 10 125 5 115 15 75 15 125 25 
-10 -110 0 -100 0 -100 10 -90 5 -95 15 -85 15 -85 25 -75 
90 -10 100 0 100 0 110 10 105 5 115 15 115 15 125 25 
-20 -120 -10 -110 -10 -110 0 -100 -5 -105 5 -95 5 -95 15 -85 
80 -20 90 -10 90 -10 100 0 95 -5 105 5 105 5 115 15 
-15 -115 -5 -105 -5 -105 5 -95 0 -100 10 -90 10 -90 20 -80 
85 -15 95 -5 95 -5 105 5 100 0 110 10 110 10 120 20 
-25 -125 -15 -115 -15 -115 -5 -105 -10 -110 0 -100 0 -100 10 -90 
75 -25 85 -15 85 -15 95 -5 90 -10 100 0 100 0 110 10 
-25 -125 -15 -115 -15 -115 -5 -105 -10 -110 0 -100 0 -100 10 -90 
75 -25 85 -15 85 -15 95 -5 90 -10 100 0 100 0 110 10 
-35 -135 -25 -125 -25 -125 -15 -115 -20 -120 -10 -110 -10 -110 0 -100 
65 -35 75 -25 75 -25 85 -15 80 -20 90 -10 90 -10 100 0 

201055 / 605615
0 -100 10 -90 10 -90 20 0 15 -105 25 -55 25 -75 75 -85 
100 0 110 10 110 10 120 20 135 15 85 25 145 25 95 35 
-30 -110 0 -100 0 -60 10 -90 5 -95 15 -85 55 -105 25 -75 
90 -10 100 0 100 0 110 10 125 5 115 15 75 15 125 25 
-30 -110 0 -100 0 -100 10 -90 5 -95 15 -85 15 -85 25 -75 
90 -10 100 0 100 0 110 10 105 5 115 15 115 15 125 25 
-20 -120 -10 -110 -10 -110 0 -100 -5 -105 5 -95 5 -95 15 -85 
80 -20 90 -10 90 -10 100 0 95 -5 105 5 105 5 115 15 
-15 -115 -5 -105 -5 -105 5 -95 0 -100 10 -90 10 -90 20 -80 
85 -15 95 -5 95 -5 105 5 100 0 110 10 110 10 120 20 
-25 -125 -15 -115 -15 -115 -5 -105 -10 -110 0 -100 0 -100 10 -90 
75 -25 85 -15 85 -15 95 -5 90 -10 100 0 100 0 110 10 
-25 -125 -15 -115 -15 -115 -5 -105 -10 -110 0 -100 0 -100 10 -90 
75 -25 85 -15 85 -15 95 -5 90 -10 100 0 100 0 110 10 
-35 -135 -25 -125 -25 -125 -15 -115 -20 -120 -10 -110 -10 -110 0 -100 
65 -35 75 -25 75 -25 85 -15 80 -20 90 -10 90 -10 100 0 

201165 / 605615
0 -100 10 -90 10 -90 20 0 15 -105 25 -55 25 -75 75 -85 
100 0 110 10 110 10 120 20 135 15 85 25 145 25 95 35 
-30 -110 0 -100 0 -60 10 -90 5 -95 15 -85 55 -105 25 -75 
90 -10 100 0 100 0 110 10 125 5 115 15 75 15 125 25 
-30 -110 -20 -100 0 -100 10 -90 5 -95 15 -85 15 -85 25 -75 
90 -10 100 0 100 0 110 10 105 5 115 15 115 15 125 25 
-20 -120 -10 -110 -10 -110 0 -100 -5 -105 5 -95 5 -95 15 -85 
80 -20 90 -10 90 -10 100 0 95 -5 105 5 105 5 115 15 
-15 -115 -5 -105 -5 -105 5 -95 0 -100 10 -90 10 -90 20 -80 
85 -15 95 -5 95 -5 105 5 100 0 110 10 110 10 120 20 
-25 -125 -15 -115 -15 -115 -5 -105 -10 -110 0 -100 0 -100 10 -90 
75 -25 85 -15 85 -15 95 -5 90 -10 100 0 100 0 110 10 
-25 -125 -15 -115 -15 -115 -5 -105 -10 -110 0 -100 0 -100 10 -90 
75 -25 85 -15 85 -15 95 -5 90 -10 100 0 100 0 110 10 
-35 -135 -25 -125 -25 -125 -15 -115 -20 -120 -10 -110 -10 -110 0 -100 
65 -35 75 -25 75 -25 85 -15 80 -20 90 -10 90 -10 100 0 

201332 / 605615
0 -100 10 -90 10 -90 20 0 15 -105 25 -55 25 -75 75 -85 
100 0 110 10 110 10 120 20 135 15 85 25 145 25 95 35 
-30 -110 0 -100 0 -60 10 -90 5 -95 15 -85 55 -105 25 -75 
90 -10 100 0 100 0 110 10 125 5 115 15 75 15 125 25 
-30 -110 -20 -80 0 -100 10 -90 5 -95 15 -85 15 -85 25 -75 
90 -10 100 0 100 0 110 10 105 5 115 15 115 15 125 25 
-20 -120 -10 -110 -10 -110 0 -100 -5 -105 5 -95 5 -95 15 -85 
80 -20 90 -10 90 -10 100 0 95 -5 105 5 105 5 115 15 
-15 -115 -5 -105 -5 -105 5 -95 0 -100 10 -90 10 -90 20 -80 
85 -15 95 -5 95 -5 105 5 100 0 110 10 110 10 120 20 
-25 -125 -15 -115 -15 -115 -5 -105 -10 -110 0 -100 0 -100 10 -90 
75 -25 85 -15 85 -15 95 -5 90 -10 100 0 100 0 110 10 
-25 -125 -15 -115 -15 -115 -5 -105 -10 -110 0 -100 0 -100 10 -90 
75 -25 85 -15 85 -15 95 -5 90 -10 100 0 100 0 110 10 
-35 -135 -25 -125 -25 -125 -15 -115 -20 -120 -10 -110 -10 -110 0 -100 
65 -35 75 -25 75 -25 85 -15 80 -20 90 -10 90 -10 100 0 

201421 / 605615
0 -100 10 -90 10 -90 20 0 15 -105 25 -55 25 -75 75 -85 
100 0 110 10 110 10 120 20 135 15 85 25 145 25 95 35 
-30 -110 0 -100 0 -60 10 -90 5 -95 15 -85 55 -105 25 -75 
90 -10 100 0 100 0 110 10 125 5 115 15 75 15 125 25 
-30 -110 -20 -60 0 -100 10 -90 5 -95 15 -85 15 -85 25 -75 
90 -10 100 0 100 0 110 10 105 5 115 15 115 15 125 25 
-20 -120 -10 -110 -10 -110 0 -100 -5 -105 5 -95 5 -95 15 -85 
80 -20 90 -10 90 -10 100 0 95 -5 105 5 105 5 115 15 
-15 -115 -5 -105 -5 -105 5 -95 0 -100 10 -90 10 -90 20 -80 
85 -15 95 -5 95 -5 105 5 100 0 110 10 110 10 120 20 
-25 -125 -15 -115 -15 -115 -5 -105 -10 -110 0 -100 0 -100 10 -90 
75 -25 85 -15 85 -15 95 -5 90 -10 100 0 100 0 110 10 
-25 -125 -15 -115 -15 -115 -5 -105 -10 -110 0 -100 0 -100 10 -90 
75 -25 85 -15 85 -15 95 -5 90 -10 100 0 100 0 110 10 
-35 -135 -25 -125 -25 -125 -15 -115 -20 -120 -10 -110 -10 -110 0 -100 
65 -35 75 -25 75 -25 85 -15 80 -20 90 -10 90 -10 100 0 

201561 / 605615
0 -100 10 -90 10 -90 20 0 15 -105 25 -55 25 -75 75 -85 
100 0 110 10 110 10 120 20 135 15 85 25 145 25 95 35 
-30 -110 0 -100 0 -60 10 -90 5 -95 15 -85 55 -105 25 -75 
90 -10 100 0 100 0 110 10 125 5 115 15 75 15 125 25 
-30 -110 -20 -60 0 -100 10 -90 -15 -95 15 -85 15 -85 25 -75 
90 -10 100 0 100 0 110 10 105 5 115 15 115 15 125 25 
-20 -120 -10 -110 -10 -110 0 -100 -5 -105 5 -95 5 -95 15 -85 
80 -20 90 -10 90 -10 100 0 95 -5 105 5 105 5 115 15 
-15 -115 -5 -105 -5 -105 5 -95 0 -100 10 -90 10 -90 20 -80 
85 -15 95 -5 95 -5 105 5 100 0 110 10 110 10 120 20 
-25 -125 -15 -115 -15 -115 -5 -105 -10 -110 0 -100 0 -100 10 -90 
75 -25 85 -15 85 -15 95 -5 90 -10 100 0 100 0 110 10 
-25 -125 -15 -115 -15 -115 -5 -105 -10 -110 0 -100 0 -100 10 -90 
75 -25 85 -15 85 -15 95 -5 90 -10 100 0 100 0 110 10 
-35 -135 -25 -125 -25 -125 -15 -115 -20 -120 -10 -110 -10 -110 0 -100 
65 -35 75 -25 75 -25 85 -15 80 -20 90 -10 90 -10 100 0 

201564 / 605615
0 -100 10 -90 10 -90 20 0 15 -105 25 -55 25 -75 75 -85 
100 0 110 10 110 10 120 20 135 15 85 25 145 25 95 35 
-30 -110 0 -100 0 -60 10 -90 5 -95 15 -85 55 -105 25 -75 
90 -10 100 0 100 0 110 10 125 5 115 15 75 15 125 25 
-30 -110 -20 -60 0 -100 10 -90 -15 -95 35 -85 15 -85 25 -75 
90 -10 100 0 100 0 110 10 105 5 115 15 115 15 125 25 
-20 -120 -10 -110 -10 -110 0 -100 -5 -105 5 -95 5 -95 15 -85 
80 -20 90 -10 90 -10 100 0 95 -5 105 5 105 5 115 15 
-15 -115 -5 -105 -5 -105 5 -95 0 -100 10 -90 10 -90 20 -80 
85 -15 95 -5 95 -5 105 5 100 0 110 10 110 10 120 20 
-25 -125 -15 -115 -15 -115 -5 -105 -10 -110 0 -100 0 -100 10 -90 
75 -25 85 -15 85 -15 95 -5 90 -10 100 0 100 0 110 10 
-25 -125 -15 -115 -15 -115 -5 -105 -10 -110 0 -100 0 -100 10 -90 
75 -25 85 -15 85 -15 95 -5 90 -10 100 0 100 0 110 10 
-35 -135 -25 -125 -25 -125 -15 -115 -20 -120 -10 -110 -10 -110 0 -100 
65 -35 75 -25 75 -25 85 -15 80 -20 90 -10 90 -10 100 0 

201853 / 605615
0 -100 10 -90 10 -90 20 0 15 -105 25 -55 25 -75 75 -85 
100 0 110 10 110 10 120 20 135 15 85 25 145 25 95 35 
-30 -110 0 -100 0 -60 10 -90 5 -95 15 -85 55 -105 25 -75 
90 -10 100 0 100 0 110 10 125 5 115 15 75 15 125 25 
-30 -110 -20 -60 0 -100 10 -90 -15 -95 35 -85 15 -85 25 -75 
90 -10 100 0 100 0 110 10 105 5 95 15 115 15 125 25 
-20 -120 -10 -110 -10 -110 0 -100 -5 -105 5 -95 5 -95 15 -85 
80 -20 90 -10 90 -10 100 0 95 -5 105 5 105 5 115 15 
-15 -115 -5 -105 -5 -105 5 -95 0 -100 10 -90 10 -90 20 -80 
85 -15 95 -5 95 -5 105 5 100 0 110 10 110 10 120 20 
-25 -125 -15 -115 -15 -115 -5 -105 -10 -110 0 -100 0 -100 10 -90 
75 -25 85 -15 85 -15 95 -5 90 -10 100 0 100 0 110 10 
-25 -125 -15 -115 -15 -115 -5 -105 -10 -110 0 -100 0 -100 10 -90 
75 -25 85 -15 85 -15 95 -5 90 -10 100 0 100 0 110 10 
-35 -135 -25 -125 -25 -125 -15 -115 -20 -120 -10 -110 -10 -110 0 -100 
65 -35 75 -25 75 -25 85 -15 80 -20 90 -10 90 -10 100 0 

202455 / 605615
0 -100 10 -90 10 -90 20 0 15 -105 25 -55 25 -75 75 -85 
100 0 110 10 110 10 120 20 135 15 85 25 145 25 95 35 
-30 -110 0 -100 0 -60 10 -90 5 -95 15 -85 55 -105 25 -75 
90 -10 100 0 100 0 110 10 125 5 115 15 75 15 125 25 
-30 -110 -20 -60 0 -100 10 -90 -15 -95 35 -85 15 -85 25 -75 
90 -10 100 0 100 0 110 10 105 5 75 15 115 15 125 25 
-20 -120 -10 -110 -10 -110 0 -100 -5 -105 5 -95 5 -95 15 -85 
80 -20 90 -10 90 -10 100 0 95 -5 105 5 105 5 115 15 
-15 -115 -5 -105 -5 -105 5 -95 0 -100 10 -90 10 -90 20 -80 
85 -15 95 -5 95 -5 105 5 100 0 110 10 110 10 120 20 
-25 -125 -15 -115 -15 -115 -5 -105 -10 -110 0 -100 0 -100 10 -90 
75 -25 85 -15 85 -15 95 -5 90 -10 100 0 100 0 110 10 
-25 -125 -15 -115 -15 -115 -5 -105 -10 -110 0 -100 0 -100 10 -90 
75 -25 85 -15 85 -15 95 -5 90 -10 100 0 100 0 110 10 
-35 -135 -25 -125 -25 -125 -15 -115 -20 -120 -10 -110 -10 -110 0 -100 
65 -35 75 -25 75 -25 85 -15 80 -20 90 -10 90 -10 100 0 

202478 / 605615
0 -100 10 -90 10 -90 20 0 15 -105 25 -55 25 -75 75 -85 
100 0 110 10 110 10 120 20 135 15 85 25 145 25 95 35 
-30 -110 0 -100 0 -60 10 -90 5 -95 15 -85 55 -105 25 -75 
90 -10 100 0 100 0 110 10 125 5 115 15 75 15 125 25 
-30 -110 -20 -60 0 -100 10 -90 -15 -95 35 -85 15 -85 25 -75 
90 -10 100 0 100 0 110 10 105 5 75 15 115 15 125 25 
-40 -120 -10 -110 -10 -110 0 -100 -5 -105 5 -95 5 -95 15 -85 
80 -20 90 -10 90 -10 100 0 95 -5 105 5 105 5 115 15 
-15 -115 -5 -105 -5 -105 5 -95 0 -100 10 -90 10 -90 20 -80 
85 -15 95 -5 95 -5 105 5 100 0 110 10 110 10 120 20 
-25 -125 -15 -115 -15 -115 -5 -105 -10 -110 0 -100 0 -100 10 -90 
75 -25 85 -15 85 -15 95 -5 90 -10 100 0 100 0 110 10 
-25 -125 -15 -115 -15 -115 -5 -105 -10 -110 0 -100 0 -100 10 -90 
75 -25 85 -15 85 -15 95 -5 90 -10 100 0 100 0 110 10 
-35 -135 -25 -125 -25 -125 -15 -115 -20 -120 -10 -110 -10 -110 0 -100 
65 -35 75 -25 75 -25 85 -15 80 -20 90 -10 90 -10 100 0 

202558 / 605615
0 -100 10 -90 10 -90 20 0 15 -105 25 -55 25 -75 75 -85 
100 0 110 10 110 10 120 20 135 15 85 25 145 25 95 35 
-30 -110 0 -100 0 -60 10 -90 5 -95 15 -85 55 -105 25 -75 
90 -10 100 0 100 0 110 10 125 5 115 15 75 15 125 25 
-30 -110 -20 -60 0 -100 10 -90 -15 -95 35 -85 15 -85 25 -75 
90 -10 100 0 100 0 110 10 105 5 75 15 115 15 125 25 
-40 -120 -10 -110 -10 -110 0 -100 -5 -105 5 -95 5 -95 15 -85 
100 -20 90 -10 90 -10 100 0 95 -5 105 5 105 5 115 15 
-15 -115 -5 -105 -5 -105 5 -95 0 -100 10 -90 10 -90 20 -80 
85 -15 95 -5 95 -5 105 5 100 0 110 10 110 10 120 20 
-25 -125 -15 -115 -15 -115 -5 -105 -10 -110 0 -100 0 -100 10 -90 
75 -25 85 -15 85 -15 95 -5 90 -10 100 0 100 0 110 10 
-25 -125 -15 -115 -15 -115 -5 -105 -10 -110 0 -100 0 -100 10 -90 
75 -25 85 -15 85 -15 95 -5 90 -10 100 0 100 0 110 10 
-35 -135 -25 -125 -25 -125 -15 -115 -20 -120 -10 -110 -10 -110 0 -100 
65 -35 75 -25 75 -25 85 -15 80 -20 90 -10 90 -10 100 0 

202580 / 605615
0 -100 10 -90 10 -90 20 0 15 -105 25 -55 25 -75 75 -85 
100 0 110 10 110 10 120 20 135 15 85 25 145 25 95 35 
-30 -110 0 -100 0 -60 10 -90 5 -95 15 -85 55 -105 25 -75 
90 -10 100 0 100 0 110 10 125 5 115 15 75 15 125 25 
-30 -110 -20 -60 0 -100 10 -90 -15 -95 35 -85 15 -85 25 -75 
90 -10 100 0 100 0 110 10 105 5 75 15 115 15 125 25 
-40 -120 -10 -110 -10 -110 0 -100 -5 -105 5 -95 5 -95 15 -85 
100 -20 90 -10 90 -10 100 0 95 -5 105 5 105 5 115 15 
-35 -115 -5 -105 -5 -105 5 -95 0 -100 10 -90 10 -90 20 -80 
85 -15 95 -5 95 -5 105 5 100 0 110 10 110 10 120 20 
-25 -125 -15 -115 -15 -115 -5 -105 -10 -110 0 -100 0 -100 10 -90 
75 -25 85 -15 85 -15 95 -5 90 -10 100 0 100 0 110 10 
-25 -125 -15 -115 -15 -115 -5 -105 -10 -110 0 -100 0 -100 10 -90 
75 -25 85 -15 85 -15 95 -5 90 -10 100 0 100 0 110 10 
-35 -135 -25 -125 -25 -125 -15 -115 -20 -120 -10 -110 -10 -110 0 -100 
65 -35 75 -25 75 -25 85 -15 80 -20 90 -10 90 -10 100 0 

202583 / 605615
0 -100 10 -90 10 -90 20 0 15 -105 25 -55 25 -75 75 -85 
100 0 110 10 110 10 120 20 135 15 85 25 145 25 95 35 
-30 -110 0 -100 0 -60 10 -90 5 -95 15 -85 55 -105 25 -75 
90 -10 100 0 100 0 110 10 125 5 115 15 75 15 125 25 
-30 -110 -20 -60 0 -100 10 -90 -15 -95 35 -85 15 -85 25 -75 
90 -10 100 0 100 0 110 10 105 5 75 15 115 15 125 25 
-40 -120 -10 -110 -10 -110 0 -100 -5 -105 5 -95 5 -95 15 -85 
100 -20 90 -10 90 -10 100 0 95 -5 105 5 105 5 115 15 
-35 -135 -5 -105 -5 -105 5 -95 0 -100 10 -90 10 -90 20 -80 
85 -15 95 -5 95 -5 105 5 100 0 110 10 110 10 120 20 
-25 -125 -15 -115 -15 -115 -5 -105 -10 -110 0 -100 0 -100 10 -90 
75 -25 85 -15 85 -15 95 -5 90 -10 100 0 100 0 110 10 
-25 -125 -15 -115 -15 -115 -5 -105 -10 -110 0 -100 0 -100 10 -90 
75 -25 85 -15 85 -15 95 -5 90 -10 100 0 100 0 110 10 
-35 -135 -25 -125 -25 -125 -15 -115 -20 -120 -10 -110 -10 -110 0 -100 
65 -35 75 -25 75 -25 85 -15 80 -20 90 -10 90 -10 100 0 

202585 / 605615
0 -100 10 -90 10 -90 20 0 15 -105 25 -55 25 -75 75 -85 
100 0 110 10 110 10 120 20 135 15 85 25 145 25 95 35 
-30 -110 0 -100 0 -60 10 -90 5 -95 15 -85 55 -105 25 -75 
90 -10 100 0 100 0 110 10 125 5 115 15 75 15 125 25 
-30 -110 -20 -60 0 -100 10 -90 -15 -95 35 -85 15 -85 25 -75 
90 -10 100 0 100 0 110 10 105 5 75 15 115 15 125 25 
-40 -120 -10 -110 -10 -110 0 -100 -5 -105 5 -95 5 -95 15 -85 
100 -20 90 -10 90 -10 100 0 95 -5 105 5 105 5 115 15 
-35 -155 -5 -105 -5 -105 5 -95 0 -100 10 -90 10 -90 20 -80 
85 -15 95 -5 95 -5 105 5 100 0 110 10 110 10 120 20 
-25 -125 -15 -115 -15 -115 -5 -105 -10 -110 0 -100 0 -100 10 -90 
75 -25 85 -15 85 -15 95 -5 90 -10 100 0 100 0 110 10 
-25 -125 -15 -115 -15 -115 -5 -105 -10 -110 0 -100 0 -100 10 -90 
75 -25 85 -15 85 -15 95 -5 90 -10 100 0 100 0 110 10 
-35 -135 -25 -125 -25 -125 -15 -115 -20 -120 -10 -110 -10 -110 0 -100 
65 -35 75 -25 75 -25 85 -15 80 -20 90 -10 90 -10 100 0 

202607 / 605615
0 -100 10 -90 10 -90 20 0 15 -105 25 -55 25 -75 75 -85 
100 0 110 10 110 10 120 20 135 15 85 25 145 25 95 35 
-30 -110 0 -100 0 -60 10 -90 5 -95 15 -85 55 -105 25 -75 
90 -10 100 0 100 0 110 10 125 5 115 15 75 15 125 25 
-30 -110 -20 -60 0 -100 10 -90 -15 -95 35 -85 15 -85 25 -75 
90 -10 100 0 100 0 110 10 105 5 75 15 115 15 125 25 
-40 -120 -10 -110 -10 -110 0 -100 -5 -105 5 -95 5 -95 15 -85 
100 -20 90 -10 90 -10 100 0 95 -5 105 5 105 5 115 15 
-35 -155 -5 -85 -5 -105 5 -95 0 -100 10 -90 10 -90 20 -80 
85 -15 95 -5 95 -5 105 5 100 0 110 10 110 10 120 20 
-25 -125 -15 -115 -15 -115 -5 -105 -10 -110 0 -100 0 -100 10 -90 
75 -25 85 -15 85 -15 95 -5 90 -10 100 0 100 0 110 10 
-25 -125 -15 -115 -15 -115 -5 -105 -10 -110 0 -100 0 -100 10 -90 
75 -25 85 -15 85 -15 95 -5 90 -10 100 0 100 0 110 10 
-35 -135 -25 -125 -25 -125 -15 -115 -20 -120 -10 -110 -10 -110 0 -100 
65 -35 75 -25 75 -25 85 -15 80 -20 90 -10 90 -10 100 0 

202615 / 605615
0 -100 10 -90 10 -90 20 0 15 -105 25 -55 25 -75 75 -85 
100 0 110 10 110 10 120 20 135 15 85 25 145 25 95 35 
-30 -110 0 -100 0 -60 10 -90 5 -95 15 -85 55 -105 25 -75 
90 -10 100 0 100 0 110 10 125 5 115 15 75 15 125 25 
-30 -110 -20 -60 0 -100 10 -90 -15 -95 35 -85 15 -85 25 -75 
90 -10 100 0 100 0 110 10 105 5 75 15 115 15 125 25 
-40 -120 -10 -110 -10 -110 0 -100 -5 -105 5 -95 5 -95 15 -85 
100 -20 90 -10 90 -10 100 0 95 -5 105 5 105 5 115 15 
-35 -155 -5 -85 -25 -105 5 -95 0 -100 10 -90 10 -90 20 -80 
85 -15 95 -5 95 -5 105 5 100 0 110 10 110 10 120 20 
-25 -125 -15 -115 -15 -115 -5 -105 -10 -110 0 -100 0 -100 10 -90 
75 -25 85 -15 85 -15 95 -5 90 -10 100 0 100 0 110 10 
-25 -125 -15 -115 -15 -115 -5 -105 -10 -110 0 -100 0 -100 10 -90 
75 -25 85 -15 85 -15 95 -5 90 -10 100 0 100 0 110 10 
-35 -135 -25 -125 -25 -125 -15 -115 -20 -120 -10 -110 -10 -110 0 -100 
65 -35 75 -25 75 -25 85 -15 80 -20 90 -10 90 -10 100 0 

202617 / 605615
0 -100 10 -90 10 -90 20 0 15 -105 25 -55 25 -75 75 -85 
100 0 110 10 110 10 120 20 135 15 85 25 145 25 95 35 
-30 -110 0 -100 0 -60 10 -90 5 -95 15 -85 55 -105 25 -75 
90 -10 100 0 100 0 110 10 125 5 115 15 75 15 125 25 
-30 -110 -20 -60 0 -100 10 -90 -15 -95 35 -85 15 -85 25 -75 
90 -10 100 0 100 0 110 10 105 5 75 15 115 15 125 25 
-40 -120 -10 -110 -10 -110 0 -100 -5 -105 5 -95 5 -95 15 -85 
100 -20 90 -10 90 -10 100 0 95 -5 105 5 105 5 115 15 
-35 -155 -5 -85 -25 -105 25 -95 0 -100 10 -90 10 -90 20 -80 
85 -15 95 -5 95 -5 105 5 100 0 110 10 110 10 120 20 
-25 -125 -15 -115 -15 -115 -5 -105 -10 -110 0 -100 0 -100 10 -90 
75 -25 85 -15 85 -15 95 -5 90 -10 100 0 100 0 110 10 
-25 -125 -15 -115 -15 -115 -5 -105 -10 -110 0 -100 0 -100 10 -90 
75 -25 85 -15 85 -15 95 -5 90 -10 100 0 100 0 110 10 
-35 -135 -25 -125 -25 -125 -15 -115 -20 -120 -10 -110 -10 -110 0 -100 
65 -35 75 -25 75 -25 85 -15 80 -20 90 -10 90 -10 100 0 

202618 / 605615
0 -100 10 -90 10 -90 20 0 15 -105 25 -55 25 -75 75 -85 
100 0 110 10 110 10 120 20 135 15 85 25 145 25 95 35 
-30 -110 0 -100 0 -60 10 -90 5 -95 15 -85 55 -105 25 -75 
90 -10 100 0 100 0 110 10 125 5 115 15 75 15 125 25 
-30 -110 -20 -60 0 -100 10 -90 -15 -95 35 -85 15 -85 25 -75 
90 -10 100 0 100 0 110 10 105 5 75 15 115 15 125 25 
-40 -120 -10 -110 -10 -110 0 -100 -5 -105 5 -95 5 -95 15 -85 
100 -20 90 -10 90 -10 100 0 95 -5 105 5 105 5 115 15 
-35 -155 -5 -85 -25 -105 25 -115 0 -100 10 -90 10 -90 20 -80 
85 -15 95 -5 95 -5 105 5 100 0 110 10 110 10 120 20 
-25 -125 -15 -115 -15 -115 -5 -105 -10 -110 0 -100 0 -100 10 -90 
75 -25 85 -15 85 -15 95 -5 90 -10 100 0 100 0 110 10 
-25 -125 -15 -115 -15 -115 -5 -105 -10 -110 0 -100 0 -100 10 -90 
75 -25 85 -15 85 -15 95 -5 90 -10 100 0 100 0 110 10 
-35 -135 -25 -125 -25 -125 -15 -115 -20 -120 -10 -110 -10 -110 0 -100 
65 -35 75 -25 75 -25 85 -15 80 -20 90 -10 90 -10 100 0 

202621 / 605615
0 -100 10 -90 10 -90 20 0 15 -105 25 -55 25 -75 75 -85 
100 0 110 10 110 10 120 20 135 15 85 25 145 25 95 35 
-30 -110 0 -100 0 -60 10 -90 5 -95 15 -85 55 -105 25 -75 
