176585 / 605615
0 -100 10 -90 10 -90 20 -80 15 -85 25 -75 25 -75 35 -65 
100 0 110 10 110 10 120 20 115 15 125 25 125 25 135 35 
-10 -110 0 -100 0 -100 10 -90 5 -95 15 -85 15 -85 25 -75 
90 -10 100 0 100 0 110 10 105 5 115 15 115 15 125 25 
-10 -110 0 -100 0 -100 10 -90 5 -95 15 -85 15 -85 25 -75 
90 -10 100 0 100 0 110 10 105 5 115 15 115 15 125 25 
-20 -120 -10 -110 -10 -110 0 -100 -5 -105 5 -95 5 -95 15 -85 
80 -20 90 -10 90 -10 100 0 95 -5 105 5 105 5 115 15 
-15 -115 -5 -105 -5 -105 5 -95 0 -100 10 -90 10 -90 20 -80 
85 -15 95 -5 95 -5 105 5 100 0 110 10 110 10 120 20 
-25 -125 -15 -115 -15 -115 -5 -105 -10 -110 0 -100 0 -100 10 -90 
75 -25 85 -15 85 -15 95 -5 90 -10 100 0 100 0 110 10 
-25 -125 -15 -115 -15 -115 -5 -105 -10 -110 0 -100 0 -100 10 -90 
75 -25 85 -15 85 -15 95 -5 90 -10 100 0 100 0 110 10 
-35 -135 -25 -125 -25 -125 -15 -115 -20 -120 -10 -110 -10 -110 0 -100 
65 -35 75 -25 75 -25 85 -15 80 -20 90 -10 90 -10 100 0 

179832 / 605615
-20 -100 10 -90 10 -90 20 -80 15 -85 25 -75 25 -75 35 -65 
100 0 110 10 110 10 120 20 115 15 125 25 125 25 135 35 
-10 -110 0 -100 0 -100 10 -90 5 -95 15 -85 15 -85 25 -75 
90 -10 100 0 100 0 110 10 105 5 115 15 115 15 125 25 
-10 -110 0 -100 0 -100 10 -90 5 -95 15 -85 15 -85 25 -75 
90 -10 100 0 100 0 110 10 105 5 115 15 115 15 125 25 
-20 -120 -10 -110 -10 -110 0 -100 -5 -105 5 -95 5 -95 15 -85 
80 -20 90 -10 90 -10 100 0 95 -5 105 5 105 5 115 15 
-15 -115 -5 -105 -5 -105 5 -95 0 -100 10 -90 10 -90 20 -80 
85 -15 95 -5 95 -5 105 5 100 0 110 10 110 10 120 20 
-25 -125 -15 -115 -15 -115 -5 -105 -10 -110 0 -100 0 -100 10 -90 
75 -25 85 -15 85 -15 95 -5 90 -10 100 0 100 0 110 10 
-25 -125 -15 -115 -15 -115 -5 -105 -10 -110 0 -100 0 -100 10 -90 
75 -25 85 -15 85 -15 95 -5 90 -10 100 0 100 0 110 10 
-35 -135 -25 -125 -25 -125 -15 -115 -20 -120 -10 -110 -10 -110 0 -100 
65 -35 75 -25 75 -25 85 -15 80 -20 90 -10 90 -10 100 0 

182322 / 605615
-20 -100 -10 -90 10 -90 20 -80 15 -85 25 -75 25 -75 35 -65 
100 0 110 10 110 10 120 20 115 15 125 25 125 25 135 35 
-10 -110 0 -100 0 -100 10 -90 5 -95 15 -85 15 -85 25 -75 
90 -10 100 0 100 0 110 10 105 5 115 15 115 15 125 25 
-10 -110 0 -100 0 -100 10 -90 5 -95 15 -85 15 -85 25 -75 
90 -10 100 0 100 0 110 10 105 5 115 15 115 15 125 25 
-20 -120 -10 -110 -10 -110 0 -100 -5 -105 5 -95 5 -95 15 -85 
80 -20 90 -10 90 -10 100 0 95 -5 105 5 105 5 115 15 
-15 -115 -5 -105 -5 -105 5 -95 0 -100 10 -90 10 -90 20 -80 
85 -15 95 -5 95 -5 105 5 100 0 110 10 110 10 120 20 
-25 -125 -15 -115 -15 -115 -5 -105 -10 -110 0 -100 0 -100 10 -90 
75 -25 85 -15 85 -15 95 -5 90 -10 100 0 100 0 110 10 
-25 -125 -15 -115 -15 -115 -5 -105 -10 -110 0 -100 0 -100 10 -90 
75 -25 85 -15 85 -15 95 -5 90 -10 100 0 100 0 110 10 
-35 -135 -25 -125 -25 -125 -15 -115 -20 -120 -10 -110 -10 -110 0 -100 
65 -35 75 -25 75 -25 85 -15 80 -20 90 -10 90 -10 100 0 

182325 / 605615
-20 -100 -10 -90 10 -70 20 -80 15 -85 25 -75 25 -75 35 -65 
100 0 110 10 110 10 120 20 115 15 125 25 125 25 135 35 
-10 -110 0 -100 0 -100 10 -90 5 -95 15 -85 15 -85 25 -75 
90 -10 100 0 100 0 110 10 105 5 115 15 115 15 125 25 
-10 -110 0 -100 0 -100 10 -90 5 -95 15 -85 15 -85 25 -75 
90 -10 100 0 100 0 110 10 105 5 115 15 115 15 125 25 
-20 -120 -10 -110 -10 -110 0 -100 -5 -105 5 -95 5 -95 15 -85 
80 -20 90 -10 90 -10 100 0 95 -5 105 5 105 5 115 15 
-15 -115 -5 -105 -5 -105 5 -95 0 -100 10 -90 10 -90 20 -80 
85 -15 95 -5 95 -5 105 5 100 0 110 10 110 10 120 20 
-25 -125 -15 -115 -15 -115 -5 -105 -10 -110 0 -100 0 -100 10 -90 
75 -25 85 -15 85 -15 95 -5 90 -10 100 0 100 0 110 10 
-25 -125 -15 -115 -15 -115 -5 -105 -10 -110 0 -100 0 -100 10 -90 
75 -25 85 -15 85 -15 95 -5 90 -10 100 0 100 0 110 10 
-35 -135 -25 -125 -25 -125 -15 -115 -20 -120 -10 -110 -10 -110 0 -100 
65 -35 75 -25 75 -25 85 -15 80 -20 90 -10 90 -10 100 0 

182329 / 605615
-20 -100 -10 -90 10 -50 20 -80 15 -85 25 -75 25 -75 35 -65 
100 0 110 10 110 10 120 20 115 15 125 25 125 25 135 35 
-10 -110 0 -100 0 -100 10 -90 5 -95 15 -85 15 -85 25 -75 
90 -10 100 0 100 0 110 10 105 5 115 15 115 15 125 25 
-10 -110 0 -100 0 -100 10 -90 5 -95 15 -85 15 -85 25 -75 
90 -10 100 0 100 0 110 10 105 5 115 15 115 15 125 25 
-20 -120 -10 -110 -10 -110 0 -100 -5 -105 5 -95 5 -95 15 -85 
80 -20 90 -10 90 -10 100 0 95 -5 105 5 105 5 115 15 
-15 -115 -5 -105 -5 -105 5 -95 0 -100 10 -90 10 -90 20 -80 
85 -15 95 -5 95 -5 105 5 100 0 110 10 110 10 120 20 
-25 -125 -15 -115 -15 -115 -5 -105 -10 -110 0 -100 0 -100 10 -90 
75 -25 85 -15 85 -15 95 -5 90 -10 100 0 100 0 110 10 
-25 -125 -15 -115 -15 -115 -5 -105 -10 -110 0 -100 0 -100 10 -90 
75 -25 85 -15 85 -15 95 -5 90 -10 100 0 100 0 110 10 
-35 -135 -25 -125 -25 -125 -15 -115 -20 -120 -10 -110 -10 -110 0 -100 
65 -35 75 -25 75 -25 85 -15 80 -20 90 -10 90 -10 100 0 

182344 / 605615
-20 -100 -10 -90 10 -50 20 -80 15 -65 25 -75 25 -75 35 -65 
100 0 110 10 110 10 120 20 115 15 125 25 125 25 135 35 
-10 -110 0 -100 0 -100 10 -90 5 -95 15 -85 15 -85 25 -75 
90 -10 100 0 100 0 110 10 105 5 115 15 115 15 125 25 
-10 -110 0 -100 0 -100 10 -90 5 -95 15 -85 15 -85 25 -75 
90 -10 100 0 100 0 110 10 105 5 115 15 115 15 125 25 
-20 -120 -10 -110 -10 -110 0 -100 -5 -105 5 -95 5 -95 15 -85 
80 -20 90 -10 90 -10 100 0 95 -5 105 5 105 5 115 15 
-15 -115 -5 -105 -5 -105 5 -95 0 -100 10 -90 10 -90 20 -80 
85 -15 95 -5 95 -5 105 5 100 0 110 10 110 10 120 20 
-25 -125 -15 -115 -15 -115 -5 -105 -10 -110 0 -100 0 -100 10 -90 
75 -25 85 -15 85 -15 95 -5 90 -10 100 0 100 0 110 10 
-25 -125 -15 -115 -15 -115 -5 -105 -10 -110 0 -100 0 -100 10 -90 
75 -25 85 -15 85 -15 95 -5 90 -10 100 0 100 0 110 10 
-35 -135 -25 -125 -25 -125 -15 -115 -20 -120 -10 -110 -10 -110 0 -100 
65 -35 75 -25 75 -25 85 -15 80 -20 90 -10 90 -10 100 0 

182377 / 605615
-20 -100 -10 -90 10 -50 20 -80 15 -45 25 -75 25 -75 35 -65 
100 0 110 10 110 10 120 20 115 15 125 25 125 25 135 35 
-10 -110 0 -100 0 -100 10 -90 5 -95 15 -85 15 -85 25 -75 
90 -10 100 0 100 0 110 10 105 5 115 15 115 15 125 25 
-10 -110 0 -100 0 -100 10 -90 5 -95 15 -85 15 -85 25 -75 
90 -10 100 0 100 0 110 10 105 5 115 15 115 15 125 25 
-20 -120 -10 -110 -10 -110 0 -100 -5 -105 5 -95 5 -95 15 -85 
80 -20 90 -10 90 -10 100 0 95 -5 105 5 105 5 115 15 
-15 -115 -5 -105 -5 -105 5 -95 0 -100 10 -90 10 -90 20 -80 
85 -15 95 -5 95 -5 105 5 100 0 110 10 110 10 120 20 
-25 -125 -15 -115 -15 -115 -5 -105 -10 -110 0 -100 0 -100 10 -90 
75 -25 85 -15 85 -15 95 -5 90 -10 100 0 100 0 110 10 
-25 -125 -15 -115 -15 -115 -5 -105 -10 -110 0 -100 0 -100 10 -90 
75 -25 85 -15 85 -15 95 -5 90 -10 100 0 100 0 110 10 
-35 -135 -25 -125 -25 -125 -15 -115 -20 -120 -10 -110 -10 -110 0 -100 
65 -35 75 -25 75 -25 85 -15 80 -20 90 -10 90 -10 100 0 

183356 / 605615
-20 -100 -10 -90 10 -50 20 -80 15 -25 25 -75 25 -75 35 -65 
100 0 110 10 110 10 120 20 115 15 125 25 125 25 135 35 
-10 -110 0 -100 0 -100 10 -90 5 -95 15 -85 15 -85 25 -75 
90 -10 100 0 100 0 110 10 105 5 115 15 115 15 125 25 
-10 -110 0 -100 0 -100 10 -90 5 -95 15 -85 15 -85 25 -75 
90 -10 100 0 100 0 110 10 105 5 115 15 115 15 125 25 
-20 -120 -10 -110 -10 -110 0 -100 -5 -105 5 -95 5 -95 15 -85 
80 -20 90 -10 90 -10 100 0 95 -5 105 5 105 5 115 15 
-15 -115 -5 -105 -5 -105 5 -95 0 -100 10 -90 10 -90 20 -80 
85 -15 95 -5 95 -5 105 5 100 0 110 10 110 10 120 20 
-25 -125 -15 -115 -15 -115 -5 -105 -10 -110 0 -100 0 -100 10 -90 
75 -25 85 -15 85 -15 95 -5 90 -10 100 0 100 0 110 10 
-25 -125 -15 -115 -15 -115 -5 -105 -10 -110 0 -100 0 -100 10 -90 
75 -25 85 -15 85 -15 95 -5 90 -10 100 0 100 0 110 10 
-35 -135 -25 -125 -25 -125 -15 -115 -20 -120 -10 -110 -10 -110 0 -100 
65 -35 75 -25 75 -25 85 -15 80 -20 90 -10 90 -10 100 0 

184150 / 605615
-20 -100 -10 -90 10 -50 20 -80 15 -5 25 -75 25 -75 35 -65 
100 0 110 10 110 10 120 20 115 15 125 25 125 25 135 35 
-10 -110 0 -100 0 -100 10 -90 5 -95 15 -85 15 -85 25 -75 
90 -10 100 0 100 0 110 10 105 5 115 15 115 15 125 25 
-10 -110 0 -100 0 -100 10 -90 5 -95 15 -85 15 -85 25 -75 
90 -10 100 0 100 0 110 10 105 5 115 15 115 15 125 25 
-20 -120 -10 -110 -10 -110 0 -100 -5 -105 5 -95 5 -95 15 -85 
80 -20 90 -10 90 -10 100 0 95 -5 105 5 105 5 115 15 
-15 -115 -5 -105 -5 -105 5 -95 0 -100 10 -90 10 -90 20 -80 
85 -15 95 -5 95 -5 105 5 100 0 110 10 110 10 120 20 
-25 -125 -15 -115 -15 -115 -5 -105 -10 -110 0 -100 0 -100 10 -90 
75 -25 85 -15 85 -15 95 -5 90 -10 100 0 100 0 110 10 
-25 -125 -15 -115 -15 -115 -5 -105 -10 -110 0 -100 0 -100 10 -90 
75 -25 85 -15 85 -15 95 -5 90 -10 100 0 100 0 110 10 
-35 -135 -25 -125 -25 -125 -15 -115 -20 -120 -10 -110 -10 -110 0 -100 
65 -35 75 -25 75 -25 85 -15 80 -20 90 -10 90 -10 100 0 

184154 / 605615
-20 -100 -10 -90 10 -50 20 -80 15 -5 25 -55 25 -75 35 -65 
100 0 110 10 110 10 120 20 115 15 125 25 125 25 135 35 
-10 -110 0 -100 0 -100 10 -90 5 -95 15 -85 15 -85 25 -75 
90 -10 100 0 100 0 110 10 105 5 115 15 115 15 125 25 
-10 -110 0 -100 0 -100 10 -90 5 -95 15 -85 15 -85 25 -75 
90 -10 100 0 100 0 110 10 105 5 115 15 115 15 125 25 
-20 -120 -10 -110 -10 -110 0 -100 -5 -105 5 -95 5 -95 15 -85 
80 -20 90 -10 90 -10 100 0 95 -5 105 5 105 5 115 15 
-15 -115 -5 -105 -5 -105 5 -95 0 -100 10 -90 10 -90 20 -80 
85 -15 95 -5 95 -5 105 5 100 0 110 10 110 10 120 20 
-25 -125 -15 -115 -15 -115 -5 -105 -10 -110 0 -100 0 -100 10 -90 
75 -25 85 -15 85 -15 95 -5 90 -10 100 0 100 0 110 10 
-25 -125 -15 -115 -15 -115 -5 -105 -10 -110 0 -100 0 -100 10 -90 
75 -25 85 -15 85 -15 95 -5 90 -10 100 0 100 0 110 10 
-35 -135 -25 -125 -25 -125 -15 -115 -20 -120 -10 -110 -10 -110 0 -100 
65 -35 75 -25 75 -25 85 -15 80 -20 90 -10 90 -10 100 0 

184158 / 605615
-20 -100 -10 -90 10 -50 20 -80 15 -5 25 -35 25 -75 35 -65 
100 0 110 10 110 10 120 20 115 15 125 25 125 25 135 35 
-10 -110 0 -100 0 -100 10 -90 5 -95 15 -85 15 -85 25 -75 
90 -10 100 0 100 0 110 10 105 5 115 15 115 15 125 25 
-10 -110 0 -100 0 -100 10 -90 5 -95 15 -85 15 -85 25 -75 
90 -10 100 0 100 0 110 10 105 5 115 15 115 15 125 25 
-20 -120 -10 -110 -10 -110 0 -100 -5 -105 5 -95 5 -95 15 -85 
80 -20 90 -10 90 -10 100 0 95 -5 105 5 105 5 115 15 
-15 -115 -5 -105 -5 -105 5 -95 0 -100 10 -90 10 -90 20 -80 
85 -15 95 -5 95 -5 105 5 100 0 110 10 110 10 120 20 
-25 -125 -15 -115 -15 -115 -5 -105 -10 -110 0 -100 0 -100 10 -90 
75 -25 85 -15 85 -15 95 -5 90 -10 100 0 100 0 110 10 
-25 -125 -15 -115 -15 -115 -5 -105 -10 -110 0 -100 0 -100 10 -90 
75 -25 85 -15 85 -15 95 -5 90 -10 100 0 100 0 110 10 
-35 -135 -25 -125 -25 -125 -15 -115 -20 -120 -10 -110 -10 -110 0 -100 
65 -35 75 -25 75 -25 85 -15 80 -20 90 -10 90 -10 100 0 

184186 / 605615
-20 -100 -10 -90 10 -50 20 -80 15 -5 25 -15 25 -75 35 -65 
100 0 110 10 110 10 120 20 115 15 125 25 125 25 135 35 
-10 -110 0 -100 0 -100 10 -90 5 -95 15 -85 15 -85 25 -75 
90 -10 100 0 100 0 110 10 105 5 115 15 115 15 125 25 
-10 -110 0 -100 0 -100 10 -90 5 -95 15 -85 15 -85 25 -75 
90 -10 100 0 100 0 110 10 105 5 115 15 115 15 125 25 
-20 -120 -10 -110 -10 -110 0 -100 -5 -105 5 -95 5 -95 15 -85 
80 -20 90 -10 90 -10 100 0 95 -5 105 5 105 5 115 15 
-15 -115 -5 -105 -5 -105 5 -95 0 -100 10 -90 10 -90 20 -80 
85 -15 95 -5 95 -5 105 5 100 0 110 10 110 10 120 20 
-25 -125 -15 -115 -15 -115 -5 -105 -10 -110 0 -100 0 -100 10 -90 
75 -25 85 -15 85 -15 95 -5 90 -10 100 0 100 0 110 10 
-25 -125 -15 -115 -15 -115 -5 -105 -10 -110 0 -100 0 -100 10 -90 
75 -25 85 -15 85 -15 95 -5 90 -10 100 0 100 0 110 10 
-35 -135 -25 -125 -25 -125 -15 -115 -20 -120 -10 -110 -10 -110 0 -100 
65 -35 75 -25 75 -25 85 -15 80 -20 90 -10 90 -10 100 0 

184929 / 605615
-20 -100 -10 -90 10 -50 20 -80 15 -5 25 -15 45 -75 35 -65 
100 0 110 10 110 10 120 20 115 15 125 25 125 25 135 35 
-10 -110 0 -100 0 -100 10 -90 5 -95 15 -85 15 -85 25 -75 
90 -10 100 0 100 0 110 10 105 5 115 15 115 15 125 25 
-10 -110 0 -100 0 -100 10 -90 5 -95 15 -85 15 -85 25 -75 
90 -10 100 0 100 0 110 10 105 5 115 15 115 15 125 25 
-20 -120 -10 -110 -10 -110 0 -100 -5 -105 5 -95 5 -95 15 -85 
80 -20 90 -10 90 -10 100 0 95 -5 105 5 105 5 115 15 
-15 -115 -5 -105 -5 -105 5 -95 0 -100 10 -90 10 -90 20 -80 
85 -15 95 -5 95 -5 105 5 100 0 110 10 110 10 120 20 
-25 -125 -15 -115 -15 -115 -5 -105 -10 -110 0 -100 0 -100 10 -90 
75 -25 85 -15 85 -15 95 -5 90 -10 100 0 100 0 110 10 
-25 -125 -15 -115 -15 -115 -5 -105 -10 -110 0 -100 0 -100 10 -90 
75 -25 85 -15 85 -15 95 -5 90 -10 100 0 100 0 110 10 
-35 -135 -25 -125 -25 -125 -15 -115 -20 -120 -10 -110 -10 -110 0 -100 
65 -35 75 -25 75 -25 85 -15 80 -20 90 -10 90 -10 100 0 

184987 / 605615
-20 -100 -10 -90 10 -50 20 -80 15 -5 25 -15 45 -75 55 -65 
100 0 110 10 110 10 120 20 115 15 125 25 125 25 135 35 
-10 -110 0 -100 0 -100 10 -90 5 -95 15 -85 15 -85 25 -75 
90 -10 100 0 100 0 110 10 105 5 115 15 115 15 125 25 
-10 -110 0 -100 0 -100 10 -90 5 -95 15 -85 15 -85 25 -75 
90 -10 100 0 100 0 110 10 105 5 115 15 115 15 125 25 
-20 -120 -10 -110 -10 -110 0 -100 -5 -105 5 -95 5 -95 15 -85 
80 -20 90 -10 90 -10 100 0 95 -5 105 5 105 5 115 15 
-15 -115 -5 -105 -5 -105 5 -95 0 -100 10 -90 10 -90 20 -80 
85 -15 95 -5 95 -5 105 5 100 0 110 10 110 10 120 20 
-25 -125 -15 -115 -15 -115 -5 -105 -10 -110 0 -100 0 -100 10 -90 
75 -25 85 -15 85 -15 95 -5 90 -10 100 0 100 0 110 10 
-25 -125 -15 -115 -15 -115 -5 -105 -10 -110 0 -100 0 -100 10 -90 
75 -25 85 -15 85 -15 95 -5 90 -10 100 0 100 0 110 10 
-35 -135 -25 -125 -25 -125 -15 -115 -20 -120 -10 -110 -10 -110 0 -100 
65 -35 75 -25 75 -25 85 -15 80 -20 90 -10 90 -10 100 0 

185004 / 605615
-20 -100 -10 -90 10 -50 20 -80 15 -5 25 -15 45 -75 75 -65 
100 0 110 10 110 10 120 20 115 15 125 25 125 25 135 35 
-10 -110 0 -100 0 -100 10 -90 5 -95 15 -85 15 -85 25 -75 
90 -10 100 0 100 0 110 10 105 5 115 15 115 15 125 25 
-10 -110 0 -100 0 -100 10 -90 5 -95 15 -85 15 -85 25 -75 
90 -10 100 0 100 0 110 10 105 5 115 15 115 15 125 25 
-20 -120 -10 -110 -10 -110 0 -100 -5 -105 5 -95 5 -95 15 -85 
80 -20 90 -10 90 -10 100 0 95 -5 105 5 105 5 115 15 
-15 -115 -5 -105 -5 -105 5 -95 0 -100 10 -90 10 -90 20 -80 
85 -15 95 -5 95 -5 105 5 100 0 110 10 110 10 120 20 
-25 -125 -15 -115 -15 -115 -5 -105 -10 -110 0 -100 0 -100 10 -90 
75 -25 85 -15 85 -15 95 -5 90 -10 100 0 100 0 110 10 
-25 -125 -15 -115 -15 -115 -5 -105 -10 -110 0 -100 0 -100 10 -90 
75 -25 85 -15 85 -15 95 -5 90 -10 100 0 100 0 110 10 
-35 -135 -25 -125 -25 -125 -15 -115 -20 -120 -10 -110 -10 -110 0 -100 
65 -35 75 -25 75 -25 85 -15 80 -20 90 -10 90 -10 100 0 

185012 / 605615
-20 -100 -10 -90 10 -50 20 -80 15 -5 25 -15 45 -75 75 -85 
100 0 110 10 110 10 120 20 115 15 125 25 125 25 135 35 
-10 -110 0 -100 0 -100 10 -90 5 -95 15 -85 15 -85 25 -75 
90 -10 100 0 100 0 110 10 105 5 115 15 115 15 125 25 
-10 -110 0 -100 0 -100 10 -90 5 -95 15 -85 15 -85 25 -75 
90 -10 100 0 100 0 110 10 105 5 115 15 115 15 125 25 
-20 -120 -10 -110 -10 -110 0 -100 -5 -105 5 -95 5 -95 15 -85 
80 -20 90 -10 90 -10 100 0 95 -5 105 5 105 5 115 15 
-15 -115 -5 -105 -5 -105 5 -95 0 -100 10 -90 10 -90 20 -80 
85 -15 95 -5 95 -5 105 5 100 0 110 10 110 10 120 20 
-25 -125 -15 -115 -15 -115 -5 -105 -10 -110 0 -100 0 -100 10 -90 
75 -25 85 -15 85 -15 95 -5 90 -10 100 0 100 0 110 10 
-25 -125 -15 -115 -15 -115 -5 -105 -10 -110 0 -100 0 -100 10 -90 
75 -25 85 -15 85 -15 95 -5 90 -10 100 0 100 0 110 10 
-35 -135 -25 -125 -25 -125 -15 -115 -20 -120 -10 -110 -10 -110 0 -100 
65 -35 75 -25 75 -25 85 -15 80 -20 90 -10 90 -10 100 0 

185015 / 605615
-20 -100 -10 -90 10 -50 20 -80 15 -5 25 -15 45 -75 75 -85 
100 0 110 10 110 10 120 20 115 15 125 25 125 25 115 35 
-10 -110 0 -100 0 -100 10 -90 5 -95 15 -85 15 -85 25 -75 
90 -10 100 0 100 0 110 10 105 5 115 15 115 15 125 25 
-10 -110 0 -100 0 -100 10 -90 5 -95 15 -85 15 -85 25 -75 
90 -10 100 0 100 0 110 10 105 5 115 15 115 15 125 25 
-20 -120 -10 -110 -10 -110 0 -100 -5 -105 5 -95 5 -95 15 -85 
80 -20 90 -10 90 -10 100 0 95 -5 105 5 105 5 115 15 
-15 -115 -5 -105 -5 -105 5 -95 0 -100 10 -90 10 -90 20 -80 
85 -15 95 -5 95 -5 105 5 100 0 110 10 110 10 120 20 
-25 -125 -15 -115 -15 -115 -5 -105 -10 -110 0 -100 0 -100 10 -90 
75 -25 85 -15 85 -15 95 -5 90 -10 100 0 100 0 110 10 
-25 -125 -15 -115 -15 -115 -5 -105 -10 -110 0 -100 0 -100 10 -90 
75 -25 85 -15 85 -15 95 -5 90 -10 100 0 100 0 110 10 
-35 -135 -25 -125 -25 -125 -15 -115 -20 -120 -10 -110 -10 -110 0 -100 
65 -35 75 -25 75 -25 85 -15 80 -20 90 -10 90 -10 100 0 

185086 / 605615
-20 -100 -10 -90 10 -50 20 -80 15 -5 25 -15 45 -75 75 -85 
100 0 110 10 110 10 120 20 115 15 125 25 125 25 95 35 
-10 -110 0 -100 0 -100 10 -90 5 -95 15 -85 15 -85 25 -75 
90 -10 100 0 100 0 110 10 105 5 115 15 115 15 125 25 
-10 -110 0 -100 0 -100 10 -90 5 -95 15 -85 15 -85 25 -75 
90 -10 100 0 100 0 110 10 105 5 115 15 115 15 125 25 
-20 -120 -10 -110 -10 -110 0 -100 -5 -105 5 -95 5 -95 15 -85 
80 -20 90 -10 90 -10 100 0 95 -5 105 5 105 5 115 15 
-15 -115 -5 -105 -5 -105 5 -95 0 -100 10 -90 10 -90 20 -80 
85 -15 95 -5 95 -5 105 5 100 0 110 10 110 10 120 20 
-25 -125 -15 -115 -15 -115 -5 -105 -10 -110 0 -100 0 -100 10 -90 
75 -25 85 -15 85 -15 95 -5 90 -10 100 0 100 0 110 10 
-25 -125 -15 -115 -15 -115 -5 -105 -10 -110 0 -100 0 -100 10 -90 
75 -25 85 -15 85 -15 95 -5 90 -10 100 0 100 0 110 10 
-35 -135 -25 -125 -25 -125 -15 -115 -20 -120 -10 -110 -10 -110 0 -100 
65 -35 75 -25 75 -25 85 -15 80 -20 90 -10 90 -10 100 0 

185115 / 605615
-20 -100 -10 -90 10 -50 20 -80 15 -5 25 -15 45 -75 75 -85 
100 0 110 10 110 10 120 20 115 15 125 25 125 25 95 35 
-30 -110 0 -100 0 -100 10 -90 5 -95 15 -85 15 -85 25 -75 
90 -10 100 0 100 0 110 10 105 5 115 15 115 15 125 25 
-10 -110 0 -100 0 -100 10 -90 5 -95 15 -85 15 -85 25 -75 
90 -10 100 0 100 0 110 10 105 5 115 15 115 15 125 25 
-20 -120 -10 -110 -10 -110 0 -100 -5 -105 5 -95 5 -95 15 -85 
80 -20 90 -10 90 -10 100 0 95 -5 105 5 105 5 115 15 
-15 -115 -5 -105 -5 -105 5 -95 0 -100 10 -90 10 -90 20 -80 
85 -15 95 -5 95 -5 105 5 100 0 110 10 110 10 120 20 
-25 -125 -15 -115 -15 -115 -5 -105 -10 -110 0 -100 0 -100 10 -90 
75 -25 85 -15 85 -15 95 -5 90 -10 100 0 100 0 110 10 
-25 -125 -15 -115 -15 -115 -5 -105 -10 -110 0 -100 0 -100 10 -90 
75 -25 85 -15 85 -15 95 -5 90 -10 100 0 100 0 110 10 
-35 -135 -25 -125 -25 -125 -15 -115 -20 -120 -10 -110 -10 -110 0 -100 
65 -35 75 -25 75 -25 85 -15 80 -20 90 -10 90 -10 100 0 

185197 / 605615
-20 -100 -10 -90 10 -50 20 -80 15 -5 25 -15 45 -75 75 -85 
100 0 110 10 110 10 120 20 115 15 125 25 125 25 95 35 
-30 -110 0 -100 -20 -100 10 -90 5 -95 15 -85 15 -85 25 -75 
90 -10 100 0 100 0 110 10 105 5 115 15 115 15 125 25 
-10 -110 0 -100 0 -100 10 -90 5 -95 15 -85 15 -85 25 -75 
90 -10 100 0 100 0 110 10 105 5 115 15 115 15 125 25 
-20 -120 -10 -110 -10 -110 0 -100 -5 -105 5 -95 5 -95 15 -85 
80 -20 90 -10 90 -10 100 0 95 -5 105 5 105 5 115 15 
-15 -115 -5 -105 -5 -105 5 -95 0 -100 10 -90 10 -90 20 -80 
85 -15 95 -5 95 -5 105 5 100 0 110 10 110 10 120 20 
-25 -125 -15 -115 -15 -115 -5 -105 -10 -110 0 -100 0 -100 10 -90 
75 -25 85 -15 85 -15 95 -5 90 -10 100 0 100 0 110 10 
-25 -125 -15 -115 -15 -115 -5 -105 -10 -110 0 -100 0 -100 10 -90 
75 -25 85 -15 85 -15 95 -5 90 -10 100 0 100 0 110 10 
-35 -135 -25 -125 -25 -125 -15 -115 -20 -120 -10 -110 -10 -110 0 -100 
65 -35 75 -25 75 -25 85 -15 80 -20 90 -10 90 -10 100 0 

185198 / 605615
-20 -100 -10 -90 10 -50 20 -80 15 -5 25 -15 45 -75 75 -85 
100 0 110 10 110 10 120 20 115 15 125 25 125 25 95 35 
-30 -110 0 -100 -20 -80 10 -90 5 -95 15 -85 15 -85 25 -75 
90 -10 100 0 100 0 110 10 105 5 115 15 115 15 125 25 
-10 -110 0 -100 0 -100 10 -90 5 -95 15 -85 15 -85 25 -75 
90 -10 100 0 100 0 110 10 105 5 115 15 115 15 125 25 
-20 -120 -10 -110 -10 -110 0 -100 -5 -105 5 -95 5 -95 15 -85 
80 -20 90 -10 90 -10 100 0 95 -5 105 5 105 5 115 15 
-15 -115 -5 -105 -5 -105 5 -95 0 -100 10 -90 10 -90 20 -80 
85 -15 95 -5 95 -5 105 5 100 0 110 10 110 10 120 20 
-25 -125 -15 -115 -15 -115 -5 -105 -10 -110 0 -100 0 -100 10 -90 
75 -25 85 -15 85 -15 95 -5 90 -10 100 0 100 0 110 10 
-25 -125 -15 -115 -15 -115 -5 -105 -10 -110 0 -100 0 -100 10 -90 
75 -25 85 -15 85 -15 95 -5 90 -10 100 0 100 0 110 10 
-35 -135 -25 -125 -25 -125 -15 -115 -20 -120 -10 -110 -10 -110 0 -100 
65 -35 75 -25 75 -25 85 -15 80 -20 90 -10 90 -10 100 0 

185366 / 605615
-20 -100 -10 -90 10 -50 20 -80 15 -5 25 -15 45 -75 75 -85 
100 0 110 10 110 10 120 20 115 15 125 25 125 25 95 35 
-30 -110 0 -100 -20 -60 10 -90 5 -95 15 -85 15 -85 25 -75 
90 -10 100 0 100 0 110 10 105 5 115 15 115 15 125 25 
-10 -110 0 -100 0 -100 10 -90 5 -95 15 -85 15 -85 25 -75 
90 -10 100 0 100 0 110 10 105 5 115 15 115 15 125 25 
-20 -120 -10 -110 -10 -110 0 -100 -5 -105 5 -95 5 -95 15 -85 
80 -20 90 -10 90 -10 100 0 95 -5 105 5 105 5 115 15 
-15 -115 -5 -105 -5 -105 5 -95 0 -100 10 -90 10 -90 20 -80 
85 -15 95 -5 95 -5 105 5 100 0 110 10 110 10 120 20 
-25 -125 -15 -115 -15 -115 -5 -105 -10 -110 0 -100 0 -100 10 -90 
75 -25 85 -15 85 -15 95 -5 90 -10 100 0 100 0 110 10 
-25 -125 -15 -115 -15 -115 -5 -105 -10 -110 0 -100 0 -100 10 -90 
75 -25 85 -15 85 -15 95 -5 90 -10 100 0 100 0 110 10 
-35 -135 -25 -125 -25 -125 -15 -115 -20 -120 -10 -110 -10 -110 0 -100 
65 -35 75 -25 75 -25 85 -15 80 -20 90 -10 90 -10 100 0 

185367 / 605615
-20 -100 -10 -90 10 -50 20 -80 15 -5 25 -15 45 -75 75 -85 
100 0 110 10 110 10 120 20 115 15 125 25 125 25 95 35 
-30 -110 0 -100 -20 -40 10 -90 5 -95 15 -85 15 -85 25 -75 
90 -10 100 0 100 0 110 10 105 5 115 15 115 15 125 25 
-10 -110 0 -100 0 -100 10 -90 5 -95 15 -85 15 -85 25 -75 
90 -10 100 0 100 0 110 10 105 5 115 15 115 15 125 25 
-20 -120 -10 -110 -10 -110 0 -100 -5 -105 5 -95 5 -95 15 -85 
80 -20 90 -10 90 -10 100 0 95 -5 105 5 105 5 115 15 
-15 -115 -5 -105 -5 -105 5 -95 0 -100 10 -90 10 -90 20 -80 
85 -15 95 -5 95 -5 105 5 100 0 110 10 110 10 120 20 
-25 -125 -15 -115 -15 -115 -5 -105 -10 -110 0 -100 0 -100 10 -90 
75 -25 85 -15 85 -15 95 -5 90 -10 100 0 100 0 110 10 
-25 -125 -15 -115 -15 -115 -5 -105 -10 -110 0 -100 0 -100 10 -90 
75 -25 85 -15 85 -15 95 -5 90 -10 100 0 100 0 110 10 
-35 -135 -25 -125 -25 -125 -15 -115 -20 -120 -10 -110 -10 -110 0 -100 
65 -35 75 -25 75 -25 85 -15 80 -20 90 -10 90 -10 100 0 

185379 / 605615
-20 -100 -10 -90 10 -50 20 -80 15 -5 25 -15 45 -75 75 -85 
100 0 110 10 110 10 120 20 115 15 125 25 125 25 95 35 
-30 -110 0 -100 -20 -40 10 -90 5 -95 15 -85 15 -85 25 -75 
110 -10 100 0 100 0 110 10 105 5 115 15 115 15 125 25 
-10 -110 0 -100 0 -100 10 -90 5 -95 15 -85 15 -85 25 -75 
90 -10 100 0 100 0 110 10 105 5 115 15 115 15 125 25 
-20 -120 -10 -110 -10 -110 0 -100 -5 -105 5 -95 5 -95 15 -85 
80 -20 90 -10 90 -10 100 0 95 -5 105 5 105 5 115 15 
-15 -115 -5 -105 -5 -105 5 -95 0 -100 10 -90 10 -90 20 -80 
85 -15 95 -5 95 -5 105 5 100 0 110 10 110 10 120 20 
-25 -125 -15 -115 -15 -115 -5 -105 -10 -110 0 -100 0 -100 10 -90 
75 -25 85 -15 85 -15 95 -5 90 -10 100 0 100 0 110 10 
-25 -125 -15 -115 -15 -115 -5 -105 -10 -110 0 -100 0 -100 10 -90 
75 -25 85 -15 85 -15 95 -5 90 -10 100 0 100 0 110 10 
-35 -135 -25 -125 -25 -125 -15 -115 -20 -120 -10 -110 -10 -110 0 -100 
65 -35 75 -25 75 -25 85 -15 80 -20 90 -10 90 -10 100 0 

185380 / 605615
-20 -100 -10 -90 10 -50 20 -80 15 -5 25 -15 45 -75 75 -85 
100 0 110 10 110 10 120 20 115 15 125 25 125 25 95 35 
-30 -110 0 -100 -20 -40 10 -90 5 -95 15 -85 15 -85 25 -75 
110 -10 100 0 100 0 110 10 125 5 115 15 115 15 125 25 
-10 -110 0 -100 0 -100 10 -90 5 -95 15 -85 15 -85 25 -75 
90 -10 100 0 100 0 110 10 105 5 115 15 115 15 125 25 
-20 -120 -10 -110 -10 -110 0 -100 -5 -105 5 -95 5 -95 15 -85 
80 -20 90 -10 90 -10 100 0 95 -5 105 5 105 5 115 15 
-15 -115 -5 -105 -5 -105 5 -95 0 -100 10 -90 10 -90 20 -80 
85 -15 95 -5 95 -5 105 5 100 0 110 10 110 10 120 20 
-25 -125 -15 -115 -15 -115 -5 -105 -10 -110 0 -100 0 -100 10 -90 
75 -25 85 -15 85 -15 95 -5 90 -10 100 0 100 0 110 10 
-25 -125 -15 -115 -15 -115 -5 -105 -10 -110 0 -100 0 -100 10 -90 
75 -25 85 -15 85 -15 95 -5 90 -10 100 0 100 0 110 10 
-35 -135 -25 -125 -25 -125 -15 -115 -20 -120 -10 -110 -10 -110 0 -100 
65 -35 75 -25 75 -25 85 -15 80 -20 90 -10 90 -10 100 0 

185382 / 605615
-20 -100 -10 -90 10 -50 20 -80 15 -5 25 -15 45 -75 75 -85 
100 0 110 10 110 10 120 20 115 15 125 25 125 25 95 35 
-30 -110 0 -100 -20 -40 10 -90 5 -95 15 -85 15 -85 25 -75 
110 -10 100 0 100 0 110 10 145 5 115 15 115 15 125 25 
-10 -110 0 -100 0 -100 10 -90 5 -95 15 -85 15 -85 25 -75 
90 -10 100 0 100 0 110 10 105 5 115 15 115 15 125 25 
-20 -120 -10 -110 -10 -110 0 -100 -5 -105 5 -95 5 -95 15 -85 
80 -20 90 -10 90 -10 100 0 95 -5 105 5 105 5 115 15 
-15 -115 -5 -105 -5 -105 5 -95 0 -100 10 -90 10 -90 20 -80 
85 -15 95 -5 95 -5 105 5 100 0 110 10 110 10 120 20 
-25 -125 -15 -115 -15 -115 -5 -105 -10 -110 0 -100 0 -100 10 -90 
75 -25 85 -15 85 -15 95 -5 90 -10 100 0 100 0 110 10 
-25 -125 -15 -115 -15 -115 -5 -105 -10 -110 0 -100 0 -100 10 -90 
75 -25 85 -15 85 -15 95 -5 90 -10 100 0 100 0 110 10 
-35 -135 -25 -125 -25 -125 -15 -115 -20 -120 -10 -110 -10 -110 0 -100 
65 -35 75 -25 75 -25 85 -15 80 -20 90 -10 90 -10 100 0 

185670 / 605615
-20 -100 -10 -90 10 -50 20 -80 15 -5 25 -15 45 -75 75 -85 
100 0 110 10 110 10 120 20 115 15 125 25 125 25 95 35 
-30 -110 0 -100 -20 -40 10 -90 5 -95 15 -85 15 -85 25 -75 
110 -10 100 0 100 0 110 10 145 5 115 15 115 15 125 25 
-30 -110 0 -100 0 -100 10 -90 5 -95 15 -85 15 -85 25 -75 
90 -10 100 0 100 0 110 10 105 5 115 15 115 15 125 25 
-20 -120 -10 -110 -10 -110 0 -100 -5 -105 5 -95 5 -95 15 -85 
80 -20 90 -10 90 -10 100 0 95 -5 105 5 105 5 115 15 
-15 -115 -5 -105 -5 -105 5 -95 0 -100 10 -90 10 -90 20 -80 
85 -15 95 -5 95 -5 105 5 100 0 110 10 110 10 120 20 
-25 -125 -15 -115 -15 -115 -5 -105 -10 -110 0 -100 0 -100 10 -90 
75 -25 85 -15 85 -15 95 -5 90 -10 100 0 100 0 110 10 
-25 -125 -15 -115 -15 -115 -5 -105 -10 -110 0 -100 0 -100 10 -90 
75 -25 85 -15 85 -15 95 -5 90 -10 100 0 100 0 110 10 
-35 -135 -25 -125 -25 -125 -15 -115 -20 -120 -10 -110 -10 -110 0 -100 
65 -35 75 -25 75 -25 85 -15 80 -20 90 -10 90 -10 100 0 

185675 / 605615
-20 -100 -10 -90 10 -50 20 -80 15 -5 25 -15 45 -75 75 -85 
100 0 110 10 110 10 120 20 115 15 125 25 125 25 95 35 
-30 -110 0 -100 -20 -40 10 -90 5 -95 15 -85 15 -85 25 -75 
110 -10 100 0 100 0 110 10 145 5 115 15 115 15 125 25 
-30 -110 0 -80 0 -100 10 -90 5 -95 15 -85 15 -85 25 -75 
90 -10 100 0 100 0 110 10 105 5 115 15 115 15 125 25 
-20 -120 -10 -110 -10 -110 0 -100 -5 -105 5 -95 5 -95 15 -85 
80 -20 90 -10 90 -10 100 0 95 -5 105 5 105 5 115 15 
-15 -115 -5 -105 -5 -105 5 -95 0 -100 10 -90 10 -90 20 -80 
85 -15 95 -5 95 -5 105 5 100 0 110 10 110 10 120 20 
-25 -125 -15 -115 -15 -115 -5 -105 -10 -110 0 -100 0 -100 10 -90 
75 -25 85 -15 85 -15 95 -5 90 -10 100 0 100 0 110 10 
-25 -125 -15 -115 -15 -115 -5 -105 -10 -110 0 -100 0 -100 10 -90 
75 -25 85 -15 85 -15 95 -5 90 -10 100 0 100 0 110 10 
-35 -135 -25 -125 -25 -125 -15 -115 -20 -120 -10 -110 -10 -110 0 -100 
65 -35 75 -25 75 -25 85 -15 80 -20 90 -10 90 -10 100 0 

185688 / 605615
-20 -100 -10 -90 10 -50 20 -80 15 -5 25 -15 45 -75 75 -85 
100 0 110 10 110 10 120 20 115 15 125 25 125 25 95 35 
-30 -110 0 -100 -20 -40 10 -90 5 -95 15 -85 15 -85 25 -75 
110 -10 100 0 100 0 110 10 145 5 115 15 115 15 125 25 
-30 -110 0 -80 0 -100 10 -90 5 -95 35 -85 15 -85 25 -75 
90 -10 100 0 100 0 110 10 105 5 115 15 115 15 125 25 
-20 -120 -10 -110 -10 -110 0 -100 -5 -105 5 -95 5 -95 15 -85 
80 -20 90 -10 90 -10 100 0 95 -5 105 5 105 5 115 15 
-15 -115 -5 -105 -5 -105 5 -95 0 -100 10 -90 10 -90 20 -80 
85 -15 95 -5 95 -5 105 5 100 0 110 10 110 10 120 20 
-25 -125 -15 -115 -15 -115 -5 -105 -10 -110 0 -100 0 -100 10 -90 
75 -25 85 -15 85 -15 95 -5 90 -10 100 0 100 0 110 10 
-25 -125 -15 -115 -15 -115 -5 -105 -10 -110 0 -100 0 -100 10 -90 
75 -25 85 -15 85 -15 95 -5 90 -10 100 0 100 0 110 10 
-35 -135 -25 -125 -25 -125 -15 -115 -20 -120 -10 -110 -10 -110 0 -100 
65 -35 75 -25 75 -25 85 -15 80 -20 90 -10 90 -10 100 0 

185830 / 605615
-20 -100 -10 -90 10 -50 20 -80 15 -5 25 -15 45 -75 75 -85 
100 0 110 10 110 10 120 20 115 15 125 25 125 25 95 35 
-30 -110 0 -100 -20 -40 10 -90 5 -95 15 -85 15 -85 25 -75 
110 -10 100 0 100 0 110 10 145 5 115 15 115 15 125 25 
-30 -110 0 -80 0 -100 10 -90 5 -95 35 -85 15 -85 25 -75 
110 -10 100 0 100 0 110 10 105 5 115 15 115 15 125 25 
-20 -120 -10 -110 -10 -110 0 -100 -5 -105 5 -95 5 -95 15 -85 
80 -20 90 -10 90 -10 100 0 95 -5 105 5 105 5 115 15 
-15 -115 -5 -105 -5 -105 5 -95 0 -100 10 -90 10 -90 20 -80 
85 -15 95 -5 95 -5 105 5 100 0 110 10 110 10 120 20 
-25 -125 -15 -115 -15 -115 -5 -105 -10 -110 0 -100 0 -100 10 -90 
75 -25 85 -15 85 -15 95 -5 90 -10 100 0 100 0 110 10 
-25 -125 -15 -115 -15 -115 -5 -105 -10 -110 0 -100 0 -100 10 -90 
75 -25 85 -15 85 -15 95 -5 90 -10 100 0 100 0 110 10 
-35 -135 -25 -125 -25 -125 -15 -115 -20 -120 -10 -110 -10 -110 0 -100 
65 -35 75 -25 75 -25 85 -15 80 -20 90 -10 90 -10 100 0 

185863 / 605615
-20 -100 -10 -90 10 -50 20 -80 15 -5 25 -15 45 -75 75 -85 
100 0 110 10 110 10 120 20 115 15 125 25 125 25 95 35 
-30 -110 0 -100 -20 -40 10 -90 5 -95 15 -85 15 -85 25 -75 
110 -10 100 0 100 0 110 10 145 5 115 15 115 15 125 25 
-30 -110 0 -80 0 -100 10 -90 5 -95 35 -85 15 -85 25 -75 
110 -10 80 0 100 0 110 10 105 5 115 15 115 15 125 25 
-20 -120 -10 -110 -10 -110 0 -100 -5 -105 5 -95 5 -95 15 -85 
80 -20 90 -10 90 -10 100 0 95 -5 105 5 105 5 115 15 
-15 -115 -5 -105 -5 -105 5 -95 0 -100 10 -90 10 -90 20 -80 
85 -15 95 -5 95 -5 105 5 100 0 110 10 110 10 120 20 
-25 -125 -15 -115 -15 -115 -5 -105 -10 -110 0 -100 0 -100 10 -90 
75 -25 85 -15 85 -15 95 -5 90 -10 100 0 100 0 110 10 
-25 -125 -15 -115 -15 -115 -5 -105 -10 -110 0 -100 0 -100 10 -90 
75 -25 85 -15 85 -15 95 -5 90 -10 100 0 100 0 110 10 
-35 -135 -25 -125 -25 -125 -15 -115 -20 -120 -10 -110 -10 -110 0 -100 
65 -35 75 -25 75 -25 85 -15 80 -20 90 -10 90 -10 100 0 

185891 / 605615
-20 -100 -10 -90 10 -50 20 -80 15 -5 25 -15 45 -75 75 -85 
100 0 110 10 110 10 120 20 115 15 125 25 125 25 95 35 
-30 -110 0 -100 -20 -40 10 -90 5 -95 15 -85 15 -85 25 -75 
110 -10 100 0 100 0 110 10 145 5 115 15 115 15 125 25 
-30 -110 0 -80 0 -100 10 -90 5 -95 35 -85 15 -85 25 -75 
110 -10 80 0 100 0 110 10 125 5 115 15 115 15 125 25 
-20 -120 -10 -110 -10 -110 0 -100 -5 -105 5 -95 5 -95 15 -85 
80 -20 90 -10 90 -10 100 0 95 -5 105 5 105 5 115 15 
-15 -115 -5 -105 -5 -105 5 -95 0 -100 10 -90 10 -90 20 -80 
85 -15 95 -5 95 -5 105 5 100 0 110 10 110 10 120 20 
-25 -125 -15 -115 -15 -115 -5 -105 -10 -110 0 -100 0 -100 10 -90 
75 -25 85 -15 85 -15 95 -5 90 -10 100 0 100 0 110 10 
-25 -125 -15 -115 -15 -115 -5 -105 -10 -110 0 -100 0 -100 10 -90 
75 -25 85 -15 85 -15 95 -5 90 -10 100 0 100 0 110 10 
-35 -135 -25 -125 -25 -125 -15 -115 -20 -120 -10 -110 -10 -110 0 -100 
65 -35 75 -25 75 -25 85 -15 80 -20 90 -10 90 -10 100 0 

185900 / 605615
-20 -100 -10 -90 10 -50 20 -80 15 -5 25 -15 45 -75 75 -85 
100 0 110 10 110 10 120 20 115 15 125 25 125 25 95 35 
-30 -110 0 -100 -20 -40 10 -90 5 -95 15 -85 15 -85 25 -75 
110 -10 100 0 100 0 110 10 145 5 115 15 115 15 125 25 
-30 -110 0 -80 0 -100 10 -90 5 -95 35 -85 15 -85 25 -75 
110 -10 80 0 100 0 110 10 125 5 95 15 115 15 125 25 
-20 -120 -10 -110 -10 -110 0 -100 -5 -105 5 -95 5 -95 15 -85 
80 -20 90 -10 90 -10 100 0 95 -5 105 5 105 5 115 15 
-15 -115 -5 -105 -5 -105 5 -95 0 -100 10 -90 10 -90 20 -80 
85 -15 95 -5 95 -5 105 5 100 0 110 10 110 10 120 20 
-25 -125 -15 -115 -15 -115 -5 -105 -10 -110 0 -100 0 -100 10 -90 
75 -25 85 -15 85 -15 95 -5 90 -10 100 0 100 0 110 10 
-25 -125 -15 -115 -15 -115 -5 -105 -10 -110 0 -100 0 -100 10 -90 
75 -25 85 -15 85 -15 95 -5 90 -10 100 0 100 0 110 10 
-35 -135 -25 -125 -25 -125 -15 -115 -20 -120 -10 -110 -10 -110 0 -100 
65 -35 75 -25 75 -25 85 -15 80 -20 90 -10 90 -10 100 0 

185920 / 605615
-20 -100 -10 -90 10 -50 20 -80 15 -5 25 -15 45 -75 75 -85 
100 0 110 10 110 10 120 20 115 15 125 25 125 25 95 35 
-30 -110 0 -100 -20 -40 10 -90 5 -95 15 -85 15 -85 25 -75 
110 -10 100 0 100 0 110 10 145 5 115 15 115 15 125 25 
-30 -110 0 -80 0 -100 10 -90 5 -95 35 -85 15 -85 25 -75 
110 -10 80 0 100 0 110 10 125 5 75 15 115 15 125 25 
-20 -120 -10 -110 -10 -110 0 -100 -5 -105 5 -95 5 -95 15 -85 
80 -20 90 -10 90 -10 100 0 95 -5 105 5 105 5 115 15 
-15 -115 -5 -105 -5 -105 5 -95 0 -100 10 -90 10 -90 20 -80 
85 -15 95 -5 95 -5 105 5 100 0 110 10 110 10 120 20 
-25 -125 -15 -115 -15 -115 -5 -105 -10 -110 0 -100 0 -100 10 -90 
75 -25 85 -15 85 -15 95 -5 90 -10 100 0 100 0 110 10 
-25 -125 -15 -115 -15 -115 -5 -105 -10 -110 0 -100 0 -100 10 -90 
75 -25 85 -15 85 -15 95 -5 90 -10 100 0 100 0 110 10 
-35 -135 -25 -125 -25 -125 -15 -115 -20 -120 -10 -110 -10 -110 0 -100 
65 -35 75 -25 75 -25 85 -15 80 -20 90 -10 90 -10 100 0 

185998 / 605615
-20 -100 -10 -90 10 -50 20 -80 15 -5 25 -15 45 -75 75 -85 
100 0 110 10 110 10 120 20 115 15 125 25 125 25 95 35 
-30 -110 0 -100 -20 -40 10 -90 5 -95 15 -85 15 -85 25 -75 
110 -10 100 0 100 0 110 10 145 5 115 15 115 15 125 25 
-30 -110 0 -80 0 -100 10 -90 5 -95 35 -85 15 -85 25 -75 
110 -10 80 0 100 0 110 10 125 5 55 15 115 15 125 25 
-20 -120 -10 -110 -10 -110 0 -100 -5 -105 5 -95 5 -95 15 -85 
80 -20 90 -10 90 -10 100 0 95 -5 105 5 105 5 115 15 
-15 -115 -5 -105 -5 -105 5 -95 0 -100 10 -90 10 -90 20 -80 
85 -15 95 -5 95 -5 105 5 100 0 110 10 110 10 120 20 
-25 -125 -15 -115 -15 -115 -5 -105 -10 -110 0 -100 0 -100 10 -90 
75 -25 85 -15 85 -15 95 -5 90 -10 100 0 100 0 110 10 
-25 -125 -15 -115 -15 -115 -5 -105 -10 -110 0 -100 0 -100 10 -90 
75 -25 85 -15 85 -15 95 -5 90 -10 100 0 100 0 110 10 
-35 -135 -25 -125 -25 -125 -15 -115 -20 -120 -10 -110 -10 -110 0 -100 
65 -35 75 -25 75 -25 85 -15 80 -20 90 -10 90 -10 100 0 

186019 / 605615
-20 -100 -10 -90 10 -50 20 -80 15 -5 25 -15 45 -75 75 -85 
100 0 110 10 110 10 120 20 115 15 125 25 125 25 95 35 
-30 -110 0 -100 -20 -40 10 -90 5 -95 15 -85 15 -85 25 -75 
110 -10 100 0 100 0 110 10 145 5 115 15 115 15 125 25 
-30 -110 0 -80 0 -100 10 -90 5 -95 35 -85 15 -85 25 -75 
110 -10 80 0 100 0 110 10 125 5 55 15 115 15 125 25 
-40 -120 -10 -110 -10 -110 0 -100 -5 -105 5 -95 5 -95 15 -85 
80 -20 90 -10 90 -10 100 0 95 -5 105 5 105 5 115 15 
-15 -115 -5 -105 -5 -105 5 -95 0 -100 10 -90 10 -90 20 -80 
85 -15 95 -5 95 -5 105 5 100 0 110 10 110 10 120 20 
-25 -125 -15 -115 -15 -115 -5 -105 -10 -110 0 -100 0 -100 10 -90 
75 -25 85 -15 85 -15 95 -5 90 -10 100 0 100 0 110 10 
-25 -125 -15 -115 -15 -115 -5 -105 -10 -110 0 -100 0 -100 10 -90 
75 -25 85 -15 85 -15 95 -5 90 -10 100 0 100 0 110 10 
-35 -135 -25 -125 -25 -125 -15 -115 -20 -120 -10 -110 -10 -110 0 -100 
65 -35 75 -25 75 -25 85 -15 80 -20 90 -10 90 -10 100 0 

186021 / 605615
-20 -100 -10 -90 10 -50 20 -80 15 -5 25 -15 45 -75 75 -85 
100 0 110 10 110 10 120 20 115 15 125 25 125 25 95 35 
-30 -110 0 -100 -20 -40 10 -90 5 -95 15 -85 15 -85 25 -75 
110 -10 100 0 100 0 110 10 145 5 115 15 115 15 125 25 
-30 -110 0 -80 0 -100 10 -90 5 -95 35 -85 15 -85 25 -75 
110 -10 80 0 100 0 110 10 125 5 55 15 115 15 125 25 
-60 -120 -10 -110 -10 -110 0 -100 -5 -105 5 -95 5 -95 15 -85 
80 -20 90 -10 90 -10 100 0 95 -5 105 5 105 5 115 15 
-15 -115 -5 -105 -5 -105 5 -95 0 -100 10 -90 10 -90 20 -80 
85 -15 95 -5 95 -5 105 5 100 0 110 10 110 10 120 20 
-25 -125 -15 -115 -15 -115 -5 -105 -10 -110 0 -100 0 -100 10 -90 
75 -25 85 -15 85 -15 95 -5 90 -10 100 0 100 0 110 10 
-25 -125 -15 -115 -15 -115 -5 -105 -10 -110 0 -100 0 -100 10 -90 
75 -25 85 -15 85 -15 95 -5 90 -10 100 0 100 0 110 10 
-35 -135 -25 -125 -25 -125 -15 -115 -20 -120 -10 -110 -10 -110 0 -100 
65 -35 75 -25 75 -25 85 -15 80 -20 90 -10 90 -10 100 0 

186024 / 605615
-20 -100 -10 -90 10 -50 20 -80 15 -5 25 -15 45 -75 75 -85 
100 0 110 10 110 10 120 20 115 15 125 25 125 25 95 35 
-30 -110 0 -100 -20 -40 10 -90 5 -95 15 -85 15 -85 25 -75 
110 -10 100 0 100 0 110 10 145 5 115 15 115 15 125 25 
-30 -110 0 -80 0 -100 10 -90 5 -95 35 -85 15 -85 25 -75 
110 -10 80 0 100 0 110 10 125 5 55 15 115 15 125 25 
-60 -120 -10 -110 -10 -110 0 -100 -5 -105 5 -95 5 -95 15 -85 
80 -20 90 -10 90 -10 100 0 95 -5 105 5 105 5 115 15 
-15 -115 -5 -105 15 -105 5 -95 0 -100 10 -90 10 -90 20 -80 
85 -15 95 -5 95 -5 105 5 100 0 110 10 110 10 120 20 
-25 -125 -15 -115 -15 -115 -5 -105 -10 -110 0 -100 0 -100 10 -90 
75 -25 85 -15 85 -15 95 -5 90 -10 100 0 100 0 110 10 
-25 -125 -15 -115 -15 -115 -5 -105 -10 -110 0 -100 0 -100 10 -90 
75 -25 85 -15 85 -15 95 -5 90 -10 100 0 100 0 110 10 
-35 -135 -25 -125 -25 -125 -15 -115 -20 -120 -10 -110 -10 -110 0 -100 
65 -35 75 -25 75 -25 85 -15 80 -20 90 -10 90 -10 100 0 

186033 / 605615
-20 -100 -10 -90 10 -50 20 -80 15 -5 25 -15 45 -75 75 -85 
100 0 110 10 110 10 120 20 115 15 125 25 125 25 95 35 
-30 -110 0 -100 -20 -40 10 -90 5 -95 15 -85 15 -85 25 -75 
110 -10 100 0 100 0 110 10 145 5 115 15 115 15 125 25 
-30 -110 0 -80 0 -100 10 -90 5 -95 35 -85 15 -85 25 -75 
110 -10 80 0 100 0 110 10 125 5 55 15 115 15 125 25 
-60 -120 -10 -110 -10 -110 0 -100 -5 -105 5 -95 5 -95 15 -85 
80 -20 90 -10 90 -10 100 0 95 -5 105 5 105 5 115 15 
-15 -115 -5 -105 15 -105 5 -95 0 -100 10 -90 10 -90 20 -80 
105 -15 95 -5 95 -5 105 5 100 0 110 10 110 10 120 20 
-25 -125 -15 -115 -15 -115 -5 -105 -10 -110 0 -100 0 -100 10 -90 
75 -25 85 -15 85 -15 95 -5 90 -10 100 0 100 0 110 10 
-25 -125 -15 -115 -15 -115 -5 -105 -10 -110 0 -100 0 -100 10 -90 
75 -25 85 -15 85 -15 95 -5 90 -10 100 0 100 0 110 10 
-35 -135 -25 -125 -25 -125 -15 -115 -20 -120 -10 -110 -10 -110 0 -100 
65 -35 75 -25 75 -25 85 -15 80 -20 90 -10 90 -10 100 0 

186057 / 605615
-20 -100 -10 -90 10 -50 20 -80 15 -5 25 -15 45 -75 75 -85 
100 0 110 10 110 10 120 20 115 15 125 25 125 25 95 35 
-30 -110 0 -100 -20 -40 10 -90 5 -95 15 -85 15 -85 25 -75 
110 -10 100 0 100 0 110 10 145 5 115 15 115 15 125 25 
-30 -110 0 -80 0 -100 10 -90 5 -95 35 -85 15 -85 25 -75 
110 -10 80 0 100 0 110 10 125 5 55 15 115 15 125 25 
-60 -120 -10 -110 -10 -110 0 -100 -5 -105 5 -95 5 -95 15 -85 
80 -20 90 -10 90 -10 100 0 95 -5 105 5 105 5 115 15 
-15 -115 -5 -105 15 -105 5 -95 0 -100 10 -90 10 -90 20 -80 
105 -15 95 -5 75 -5 105 5 100 0 110 10 110 10 120 20 
-25 -125 -15 -115 -15 -115 -5 -105 -10 -110 0 -100 0 -100 10 -90 
75 -25 85 -15 85 -15 95 -5 90 -10 100 0 100 0 110 10 
-25 -125 -15 -115 -15 -115 -5 -105 -10 -110 0 -100 0 -100 10 -90 
75 -25 85 -15 85 -15 95 -5 90 -10 100 0 100 0 110 10 
-35 -135 -25 -125 -25 -125 -15 -115 -20 -120 -10 -110 -10 -110 0 -100 
65 -35 75 -25 75 -25 85 -15 80 -20 90 -10 90 -10 100 0 

