181771 / 605615
0 -100 10 -90 10 -90 20 -80 15 -85 25 -75 25 -75 35 -65 
100 0 110 10 110 10 120 20 115 15 125 25 125 25 135 35 
-10 -110 0 -100 0 -100 10 -90 5 -95 15 -85 15 -85 25 -75 
90 -10 100 0 100 0 110 10 105 5 115 15 115 15 125 25 
-10 -110 0 -100 0 -100 10 -90 5 -95 15 -85 15 -85 25 -75 
90 -10 100 0 100 0 110 10 105 5 115 15 115 15 125 25 
-20 -120 -10 -110 -10 -110 0 -100 -5 -105 5 -95 5 -95 15 -85 
80 -20 90 -10 90 -10 100 0 95 -5 105 5 105 5 115 15 
-15 -115 -5 -105 -5 -105 5 -95 0 -100 10 -90 10 -90 20 -80 
85 -15 95 -5 95 -5 105 5 100 0 110 10 110 10 120 20 
-25 -125 -15 -115 -15 -115 -5 -105 -10 -110 0 -100 0 -100 10 -90 
75 -25 85 -15 85 -15 95 -5 90 -10 100 0 100 0 110 10 
-25 -125 -15 -115 -15 -115 -5 -105 -10 -110 0 -100 0 -100 10 -90 
75 -25 85 -15 85 -15 95 -5 90 -10 100 0 100 0 110 10 
-35 -135 -25 -125 -25 -125 -15 -115 -20 -120 -10 -110 -10 -110 0 -100 
65 -35 75 -25 75 -25 85 -15 80 -20 90 -10 90 -10 100 0 

184199 / 605615
-20 -100 10 -90 10 -90 20 -80 15 -85 25 -75 25 -75 35 -65 
100 0 110 10 110 10 120 20 115 15 125 25 125 25 135 35 
-10 -110 0 -100 0 -100 10 -90 5 -95 15 -85 15 -85 25 -75 
90 -10 100 0 100 0 110 10 105 5 115 15 115 15 125 25 
-10 -110 0 -100 0 -100 10 -90 5 -95 15 -85 15 -85 25 -75 
90 -10 100 0 100 0 110 10 105 5 115 15 115 15 125 25 
-20 -120 -10 -110 -10 -110 0 -100 -5 -105 5 -95 5 -95 15 -85 
80 -20 90 -10 90 -10 100 0 95 -5 105 5 105 5 115 15 
-15 -115 -5 -105 -5 -105 5 -95 0 -100 10 -90 10 -90 20 -80 
85 -15 95 -5 95 -5 105 5 100 0 110 10 110 10 120 20 
-25 -125 -15 -115 -15 -115 -5 -105 -10 -110 0 -100 0 -100 10 -90 
75 -25 85 -15 85 -15 95 -5 90 -10 100 0 100 0 110 10 
-25 -125 -15 -115 -15 -115 -5 -105 -10 -110 0 -100 0 -100 10 -90 
75 -25 85 -15 85 -15 95 -5 90 -10 100 0 100 0 110 10 
-35 -135 -25 -125 -25 -125 -15 -115 -20 -120 -10 -110 -10 -110 0 -100 
65 -35 75 -25 75 -25 85 -15 80 -20 90 -10 90 -10 100 0 

184209 / 605615
-20 -100 10 -110 10 -90 20 -80 15 -85 25 -75 25 -75 35 -65 
100 0 110 10 110 10 120 20 115 15 125 25 125 25 135 35 
-10 -110 0 -100 0 -100 10 -90 5 -95 15 -85 15 -85 25 -75 
90 -10 100 0 100 0 110 10 105 5 115 15 115 15 125 25 
-10 -110 0 -100 0 -100 10 -90 5 -95 15 -85 15 -85 25 -75 
90 -10 100 0 100 0 110 10 105 5 115 15 115 15 125 25 
-20 -120 -10 -110 -10 -110 0 -100 -5 -105 5 -95 5 -95 15 -85 
80 -20 90 -10 90 -10 100 0 95 -5 105 5 105 5 115 15 
-15 -115 -5 -105 -5 -105 5 -95 0 -100 10 -90 10 -90 20 -80 
85 -15 95 -5 95 -5 105 5 100 0 110 10 110 10 120 20 
-25 -125 -15 -115 -15 -115 -5 -105 -10 -110 0 -100 0 -100 10 -90 
75 -25 85 -15 85 -15 95 -5 90 -10 100 0 100 0 110 10 
-25 -125 -15 -115 -15 -115 -5 -105 -10 -110 0 -100 0 -100 10 -90 
75 -25 85 -15 85 -15 95 -5 90 -10 100 0 100 0 110 10 
-35 -135 -25 -125 -25 -125 -15 -115 -20 -120 -10 -110 -10 -110 0 -100 
65 -35 75 -25 75 -25 85 -15 80 -20 90 -10 90 -10 100 0 

184217 / 605615
-20 -100 10 -130 10 -90 20 -80 15 -85 25 -75 25 -75 35 -65 
100 0 110 10 110 10 120 20 115 15 125 25 125 25 135 35 
-10 -110 0 -100 0 -100 10 -90 5 -95 15 -85 15 -85 25 -75 
90 -10 100 0 100 0 110 10 105 5 115 15 115 15 125 25 
-10 -110 0 -100 0 -100 10 -90 5 -95 15 -85 15 -85 25 -75 
90 -10 100 0 100 0 110 10 105 5 115 15 115 15 125 25 
-20 -120 -10 -110 -10 -110 0 -100 -5 -105 5 -95 5 -95 15 -85 
80 -20 90 -10 90 -10 100 0 95 -5 105 5 105 5 115 15 
-15 -115 -5 -105 -5 -105 5 -95 0 -100 10 -90 10 -90 20 -80 
85 -15 95 -5 95 -5 105 5 100 0 110 10 110 10 120 20 
-25 -125 -15 -115 -15 -115 -5 -105 -10 -110 0 -100 0 -100 10 -90 
75 -25 85 -15 85 -15 95 -5 90 -10 100 0 100 0 110 10 
-25 -125 -15 -115 -15 -115 -5 -105 -10 -110 0 -100 0 -100 10 -90 
75 -25 85 -15 85 -15 95 -5 90 -10 100 0 100 0 110 10 
-35 -135 -25 -125 -25 -125 -15 -115 -20 -120 -10 -110 -10 -110 0 -100 
65 -35 75 -25 75 -25 85 -15 80 -20 90 -10 90 -10 100 0 

184305 / 605615
-20 -100 10 -130 10 -90 20 -80 15 -105 25 -75 25 -75 35 -65 
100 0 110 10 110 10 120 20 115 15 125 25 125 25 135 35 
-10 -110 0 -100 0 -100 10 -90 5 -95 15 -85 15 -85 25 -75 
90 -10 100 0 100 0 110 10 105 5 115 15 115 15 125 25 
-10 -110 0 -100 0 -100 10 -90 5 -95 15 -85 15 -85 25 -75 
90 -10 100 0 100 0 110 10 105 5 115 15 115 15 125 25 
-20 -120 -10 -110 -10 -110 0 -100 -5 -105 5 -95 5 -95 15 -85 
80 -20 90 -10 90 -10 100 0 95 -5 105 5 105 5 115 15 
-15 -115 -5 -105 -5 -105 5 -95 0 -100 10 -90 10 -90 20 -80 
85 -15 95 -5 95 -5 105 5 100 0 110 10 110 10 120 20 
-25 -125 -15 -115 -15 -115 -5 -105 -10 -110 0 -100 0 -100 10 -90 
75 -25 85 -15 85 -15 95 -5 90 -10 100 0 100 0 110 10 
-25 -125 -15 -115 -15 -115 -5 -105 -10 -110 0 -100 0 -100 10 -90 
75 -25 85 -15 85 -15 95 -5 90 -10 100 0 100 0 110 10 
-35 -135 -25 -125 -25 -125 -15 -115 -20 -120 -10 -110 -10 -110 0 -100 
65 -35 75 -25 75 -25 85 -15 80 -20 90 -10 90 -10 100 0 

184941 / 605615
-20 -100 10 -130 10 -90 20 -80 15 -105 45 -75 25 -75 35 -65 
100 0 110 10 110 10 120 20 115 15 125 25 125 25 135 35 
-10 -110 0 -100 0 -100 10 -90 5 -95 15 -85 15 -85 25 -75 
90 -10 100 0 100 0 110 10 105 5 115 15 115 15 125 25 
-10 -110 0 -100 0 -100 10 -90 5 -95 15 -85 15 -85 25 -75 
90 -10 100 0 100 0 110 10 105 5 115 15 115 15 125 25 
-20 -120 -10 -110 -10 -110 0 -100 -5 -105 5 -95 5 -95 15 -85 
80 -20 90 -10 90 -10 100 0 95 -5 105 5 105 5 115 15 
-15 -115 -5 -105 -5 -105 5 -95 0 -100 10 -90 10 -90 20 -80 
85 -15 95 -5 95 -5 105 5 100 0 110 10 110 10 120 20 
-25 -125 -15 -115 -15 -115 -5 -105 -10 -110 0 -100 0 -100 10 -90 
75 -25 85 -15 85 -15 95 -5 90 -10 100 0 100 0 110 10 
-25 -125 -15 -115 -15 -115 -5 -105 -10 -110 0 -100 0 -100 10 -90 
75 -25 85 -15 85 -15 95 -5 90 -10 100 0 100 0 110 10 
-35 -135 -25 -125 -25 -125 -15 -115 -20 -120 -10 -110 -10 -110 0 -100 
65 -35 75 -25 75 -25 85 -15 80 -20 90 -10 90 -10 100 0 

185211 / 605615
-20 -100 10 -130 10 -90 20 -80 15 -105 45 -75 45 -75 35 -65 
100 0 110 10 110 10 120 20 115 15 125 25 125 25 135 35 
-10 -110 0 -100 0 -100 10 -90 5 -95 15 -85 15 -85 25 -75 
90 -10 100 0 100 0 110 10 105 5 115 15 115 15 125 25 
-10 -110 0 -100 0 -100 10 -90 5 -95 15 -85 15 -85 25 -75 
90 -10 100 0 100 0 110 10 105 5 115 15 115 15 125 25 
-20 -120 -10 -110 -10 -110 0 -100 -5 -105 5 -95 5 -95 15 -85 
80 -20 90 -10 90 -10 100 0 95 -5 105 5 105 5 115 15 
-15 -115 -5 -105 -5 -105 5 -95 0 -100 10 -90 10 -90 20 -80 
85 -15 95 -5 95 -5 105 5 100 0 110 10 110 10 120 20 
-25 -125 -15 -115 -15 -115 -5 -105 -10 -110 0 -100 0 -100 10 -90 
75 -25 85 -15 85 -15 95 -5 90 -10 100 0 100 0 110 10 
-25 -125 -15 -115 -15 -115 -5 -105 -10 -110 0 -100 0 -100 10 -90 
75 -25 85 -15 85 -15 95 -5 90 -10 100 0 100 0 110 10 
-35 -135 -25 -125 -25 -125 -15 -115 -20 -120 -10 -110 -10 -110 0 -100 
65 -35 75 -25 75 -25 85 -15 80 -20 90 -10 90 -10 100 0 

186531 / 605615
-20 -100 10 -130 10 -90 20 -80 15 -105 45 -75 45 -75 55 -65 
100 0 110 10 110 10 120 20 115 15 125 25 125 25 135 35 
-10 -110 0 -100 0 -100 10 -90 5 -95 15 -85 15 -85 25 -75 
90 -10 100 0 100 0 110 10 105 5 115 15 115 15 125 25 
-10 -110 0 -100 0 -100 10 -90 5 -95 15 -85 15 -85 25 -75 
90 -10 100 0 100 0 110 10 105 5 115 15 115 15 125 25 
-20 -120 -10 -110 -10 -110 0 -100 -5 -105 5 -95 5 -95 15 -85 
80 -20 90 -10 90 -10 100 0 95 -5 105 5 105 5 115 15 
-15 -115 -5 -105 -5 -105 5 -95 0 -100 10 -90 10 -90 20 -80 
85 -15 95 -5 95 -5 105 5 100 0 110 10 110 10 120 20 
-25 -125 -15 -115 -15 -115 -5 -105 -10 -110 0 -100 0 -100 10 -90 
75 -25 85 -15 85 -15 95 -5 90 -10 100 0 100 0 110 10 
-25 -125 -15 -115 -15 -115 -5 -105 -10 -110 0 -100 0 -100 10 -90 
75 -25 85 -15 85 -15 95 -5 90 -10 100 0 100 0 110 10 
-35 -135 -25 -125 -25 -125 -15 -115 -20 -120 -10 -110 -10 -110 0 -100 
65 -35 75 -25 75 -25 85 -15 80 -20 90 -10 90 -10 100 0 

186673 / 605615
-20 -100 10 -130 10 -90 20 -80 15 -105 45 -75 45 -75 75 -65 
100 0 110 10 110 10 120 20 115 15 125 25 125 25 135 35 
-10 -110 0 -100 0 -100 10 -90 5 -95 15 -85 15 -85 25 -75 
90 -10 100 0 100 0 110 10 105 5 115 15 115 15 125 25 
-10 -110 0 -100 0 -100 10 -90 5 -95 15 -85 15 -85 25 -75 
90 -10 100 0 100 0 110 10 105 5 115 15 115 15 125 25 
-20 -120 -10 -110 -10 -110 0 -100 -5 -105 5 -95 5 -95 15 -85 
80 -20 90 -10 90 -10 100 0 95 -5 105 5 105 5 115 15 
-15 -115 -5 -105 -5 -105 5 -95 0 -100 10 -90 10 -90 20 -80 
85 -15 95 -5 95 -5 105 5 100 0 110 10 110 10 120 20 
-25 -125 -15 -115 -15 -115 -5 -105 -10 -110 0 -100 0 -100 10 -90 
75 -25 85 -15 85 -15 95 -5 90 -10 100 0 100 0 110 10 
-25 -125 -15 -115 -15 -115 -5 -105 -10 -110 0 -100 0 -100 10 -90 
75 -25 85 -15 85 -15 95 -5 90 -10 100 0 100 0 110 10 
-35 -135 -25 -125 -25 -125 -15 -115 -20 -120 -10 -110 -10 -110 0 -100 
65 -35 75 -25 75 -25 85 -15 80 -20 90 -10 90 -10 100 0 

186691 / 605615
-20 -100 10 -130 10 -90 20 -80 15 -105 45 -75 45 -75 75 -85 
100 0 110 10 110 10 120 20 115 15 125 25 125 25 135 35 
-10 -110 0 -100 0 -100 10 -90 5 -95 15 -85 15 -85 25 -75 
90 -10 100 0 100 0 110 10 105 5 115 15 115 15 125 25 
-10 -110 0 -100 0 -100 10 -90 5 -95 15 -85 15 -85 25 -75 
90 -10 100 0 100 0 110 10 105 5 115 15 115 15 125 25 
-20 -120 -10 -110 -10 -110 0 -100 -5 -105 5 -95 5 -95 15 -85 
80 -20 90 -10 90 -10 100 0 95 -5 105 5 105 5 115 15 
-15 -115 -5 -105 -5 -105 5 -95 0 -100 10 -90 10 -90 20 -80 
85 -15 95 -5 95 -5 105 5 100 0 110 10 110 10 120 20 
-25 -125 -15 -115 -15 -115 -5 -105 -10 -110 0 -100 0 -100 10 -90 
75 -25 85 -15 85 -15 95 -5 90 -10 100 0 100 0 110 10 
-25 -125 -15 -115 -15 -115 -5 -105 -10 -110 0 -100 0 -100 10 -90 
75 -25 85 -15 85 -15 95 -5 90 -10 100 0 100 0 110 10 
-35 -135 -25 -125 -25 -125 -15 -115 -20 -120 -10 -110 -10 -110 0 -100 
65 -35 75 -25 75 -25 85 -15 80 -20 90 -10 90 -10 100 0 

186722 / 605615
-20 -100 10 -130 10 -90 20 -80 15 -105 45 -75 45 -75 75 -105 
100 0 110 10 110 10 120 20 115 15 125 25 125 25 135 35 
-10 -110 0 -100 0 -100 10 -90 5 -95 15 -85 15 -85 25 -75 
90 -10 100 0 100 0 110 10 105 5 115 15 115 15 125 25 
-10 -110 0 -100 0 -100 10 -90 5 -95 15 -85 15 -85 25 -75 
90 -10 100 0 100 0 110 10 105 5 115 15 115 15 125 25 
-20 -120 -10 -110 -10 -110 0 -100 -5 -105 5 -95 5 -95 15 -85 
80 -20 90 -10 90 -10 100 0 95 -5 105 5 105 5 115 15 
-15 -115 -5 -105 -5 -105 5 -95 0 -100 10 -90 10 -90 20 -80 
85 -15 95 -5 95 -5 105 5 100 0 110 10 110 10 120 20 
-25 -125 -15 -115 -15 -115 -5 -105 -10 -110 0 -100 0 -100 10 -90 
75 -25 85 -15 85 -15 95 -5 90 -10 100 0 100 0 110 10 
-25 -125 -15 -115 -15 -115 -5 -105 -10 -110 0 -100 0 -100 10 -90 
75 -25 85 -15 85 -15 95 -5 90 -10 100 0 100 0 110 10 
-35 -135 -25 -125 -25 -125 -15 -115 -20 -120 -10 -110 -10 -110 0 -100 
65 -35 75 -25 75 -25 85 -15 80 -20 90 -10 90 -10 100 0 

186742 / 605615
-20 -100 10 -130 10 -90 20 -80 15 -105 45 -75 45 -75 75 -105 
100 0 110 10 110 10 120 20 95 15 125 25 125 25 135 35 
-10 -110 0 -100 0 -100 10 -90 5 -95 15 -85 15 -85 25 -75 
90 -10 100 0 100 0 110 10 105 5 115 15 115 15 125 25 
-10 -110 0 -100 0 -100 10 -90 5 -95 15 -85 15 -85 25 -75 
90 -10 100 0 100 0 110 10 105 5 115 15 115 15 125 25 
-20 -120 -10 -110 -10 -110 0 -100 -5 -105 5 -95 5 -95 15 -85 
80 -20 90 -10 90 -10 100 0 95 -5 105 5 105 5 115 15 
-15 -115 -5 -105 -5 -105 5 -95 0 -100 10 -90 10 -90 20 -80 
85 -15 95 -5 95 -5 105 5 100 0 110 10 110 10 120 20 
-25 -125 -15 -115 -15 -115 -5 -105 -10 -110 0 -100 0 -100 10 -90 
75 -25 85 -15 85 -15 95 -5 90 -10 100 0 100 0 110 10 
-25 -125 -15 -115 -15 -115 -5 -105 -10 -110 0 -100 0 -100 10 -90 
75 -25 85 -15 85 -15 95 -5 90 -10 100 0 100 0 110 10 
-35 -135 -25 -125 -25 -125 -15 -115 -20 -120 -10 -110 -10 -110 0 -100 
65 -35 75 -25 75 -25 85 -15 80 -20 90 -10 90 -10 100 0 

186760 / 605615
-20 -100 10 -130 10 -90 20 -80 15 -105 45 -75 45 -75 75 -105 
100 0 110 10 110 10 120 20 75 15 125 25 125 25 135 35 
-10 -110 0 -100 0 -100 10 -90 5 -95 15 -85 15 -85 25 -75 
90 -10 100 0 100 0 110 10 105 5 115 15 115 15 125 25 
-10 -110 0 -100 0 -100 10 -90 5 -95 15 -85 15 -85 25 -75 
90 -10 100 0 100 0 110 10 105 5 115 15 115 15 125 25 
-20 -120 -10 -110 -10 -110 0 -100 -5 -105 5 -95 5 -95 15 -85 
80 -20 90 -10 90 -10 100 0 95 -5 105 5 105 5 115 15 
-15 -115 -5 -105 -5 -105 5 -95 0 -100 10 -90 10 -90 20 -80 
85 -15 95 -5 95 -5 105 5 100 0 110 10 110 10 120 20 
-25 -125 -15 -115 -15 -115 -5 -105 -10 -110 0 -100 0 -100 10 -90 
75 -25 85 -15 85 -15 95 -5 90 -10 100 0 100 0 110 10 
-25 -125 -15 -115 -15 -115 -5 -105 -10 -110 0 -100 0 -100 10 -90 
75 -25 85 -15 85 -15 95 -5 90 -10 100 0 100 0 110 10 
-35 -135 -25 -125 -25 -125 -15 -115 -20 -120 -10 -110 -10 -110 0 -100 
65 -35 75 -25 75 -25 85 -15 80 -20 90 -10 90 -10 100 0 

186775 / 605615
-20 -100 10 -130 10 -90 20 -80 15 -105 45 -75 45 -75 75 -105 
100 0 110 10 110 10 120 20 75 15 105 25 125 25 135 35 
-10 -110 0 -100 0 -100 10 -90 5 -95 15 -85 15 -85 25 -75 
90 -10 100 0 100 0 110 10 105 5 115 15 115 15 125 25 
-10 -110 0 -100 0 -100 10 -90 5 -95 15 -85 15 -85 25 -75 
90 -10 100 0 100 0 110 10 105 5 115 15 115 15 125 25 
-20 -120 -10 -110 -10 -110 0 -100 -5 -105 5 -95 5 -95 15 -85 
80 -20 90 -10 90 -10 100 0 95 -5 105 5 105 5 115 15 
-15 -115 -5 -105 -5 -105 5 -95 0 -100 10 -90 10 -90 20 -80 
85 -15 95 -5 95 -5 105 5 100 0 110 10 110 10 120 20 
-25 -125 -15 -115 -15 -115 -5 -105 -10 -110 0 -100 0 -100 10 -90 
75 -25 85 -15 85 -15 95 -5 90 -10 100 0 100 0 110 10 
-25 -125 -15 -115 -15 -115 -5 -105 -10 -110 0 -100 0 -100 10 -90 
75 -25 85 -15 85 -15 95 -5 90 -10 100 0 100 0 110 10 
-35 -135 -25 -125 -25 -125 -15 -115 -20 -120 -10 -110 -10 -110 0 -100 
65 -35 75 -25 75 -25 85 -15 80 -20 90 -10 90 -10 100 0 

186908 / 605615
-20 -100 10 -130 10 -90 20 -80 15 -105 45 -75 45 -75 75 -105 
100 0 110 10 110 10 120 20 75 15 85 25 125 25 135 35 
-10 -110 0 -100 0 -100 10 -90 5 -95 15 -85 15 -85 25 -75 
90 -10 100 0 100 0 110 10 105 5 115 15 115 15 125 25 
-10 -110 0 -100 0 -100 10 -90 5 -95 15 -85 15 -85 25 -75 
90 -10 100 0 100 0 110 10 105 5 115 15 115 15 125 25 
-20 -120 -10 -110 -10 -110 0 -100 -5 -105 5 -95 5 -95 15 -85 
80 -20 90 -10 90 -10 100 0 95 -5 105 5 105 5 115 15 
-15 -115 -5 -105 -5 -105 5 -95 0 -100 10 -90 10 -90 20 -80 
85 -15 95 -5 95 -5 105 5 100 0 110 10 110 10 120 20 
-25 -125 -15 -115 -15 -115 -5 -105 -10 -110 0 -100 0 -100 10 -90 
75 -25 85 -15 85 -15 95 -5 90 -10 100 0 100 0 110 10 
-25 -125 -15 -115 -15 -115 -5 -105 -10 -110 0 -100 0 -100 10 -90 
75 -25 85 -15 85 -15 95 -5 90 -10 100 0 100 0 110 10 
-35 -135 -25 -125 -25 -125 -15 -115 -20 -120 -10 -110 -10 -110 0 -100 
65 -35 75 -25 75 -25 85 -15 80 -20 90 -10 90 -10 100 0 

186914 / 605615
-20 -100 10 -130 10 -90 20 -80 15 -105 45 -75 45 -75 75 -105 
100 0 110 10 110 10 120 20 75 15 85 25 145 25 135 35 
-10 -110 0 -100 0 -100 10 -90 5 -95 15 -85 15 -85 25 -75 
90 -10 100 0 100 0 110 10 105 5 115 15 115 15 125 25 
-10 -110 0 -100 0 -100 10 -90 5 -95 15 -85 15 -85 25 -75 
90 -10 100 0 100 0 110 10 105 5 115 15 115 15 125 25 
-20 -120 -10 -110 -10 -110 0 -100 -5 -105 5 -95 5 -95 15 -85 
80 -20 90 -10 90 -10 100 0 95 -5 105 5 105 5 115 15 
-15 -115 -5 -105 -5 -105 5 -95 0 -100 10 -90 10 -90 20 -80 
85 -15 95 -5 95 -5 105 5 100 0 110 10 110 10 120 20 
-25 -125 -15 -115 -15 -115 -5 -105 -10 -110 0 -100 0 -100 10 -90 
75 -25 85 -15 85 -15 95 -5 90 -10 100 0 100 0 110 10 
-25 -125 -15 -115 -15 -115 -5 -105 -10 -110 0 -100 0 -100 10 -90 
75 -25 85 -15 85 -15 95 -5 90 -10 100 0 100 0 110 10 
-35 -135 -25 -125 -25 -125 -15 -115 -20 -120 -10 -110 -10 -110 0 -100 
65 -35 75 -25 75 -25 85 -15 80 -20 90 -10 90 -10 100 0 

186986 / 605615
-20 -100 10 -130 10 -90 20 -80 15 -105 45 -75 45 -75 75 -105 
100 0 110 10 110 10 120 20 75 15 85 25 145 25 115 35 
-10 -110 0 -100 0 -100 10 -90 5 -95 15 -85 15 -85 25 -75 
90 -10 100 0 100 0 110 10 105 5 115 15 115 15 125 25 
-10 -110 0 -100 0 -100 10 -90 5 -95 15 -85 15 -85 25 -75 
90 -10 100 0 100 0 110 10 105 5 115 15 115 15 125 25 
-20 -120 -10 -110 -10 -110 0 -100 -5 -105 5 -95 5 -95 15 -85 
80 -20 90 -10 90 -10 100 0 95 -5 105 5 105 5 115 15 
-15 -115 -5 -105 -5 -105 5 -95 0 -100 10 -90 10 -90 20 -80 
85 -15 95 -5 95 -5 105 5 100 0 110 10 110 10 120 20 
-25 -125 -15 -115 -15 -115 -5 -105 -10 -110 0 -100 0 -100 10 -90 
75 -25 85 -15 85 -15 95 -5 90 -10 100 0 100 0 110 10 
-25 -125 -15 -115 -15 -115 -5 -105 -10 -110 0 -100 0 -100 10 -90 
75 -25 85 -15 85 -15 95 -5 90 -10 100 0 100 0 110 10 
-35 -135 -25 -125 -25 -125 -15 -115 -20 -120 -10 -110 -10 -110 0 -100 
65 -35 75 -25 75 -25 85 -15 80 -20 90 -10 90 -10 100 0 

187074 / 605615
-20 -100 10 -130 10 -90 20 -80 15 -105 45 -75 45 -75 75 -105 
100 0 110 10 110 10 120 20 75 15 85 25 145 25 95 35 
-10 -110 0 -100 0 -100 10 -90 5 -95 15 -85 15 -85 25 -75 
90 -10 100 0 100 0 110 10 105 5 115 15 115 15 125 25 
-10 -110 0 -100 0 -100 10 -90 5 -95 15 -85 15 -85 25 -75 
90 -10 100 0 100 0 110 10 105 5 115 15 115 15 125 25 
-20 -120 -10 -110 -10 -110 0 -100 -5 -105 5 -95 5 -95 15 -85 
80 -20 90 -10 90 -10 100 0 95 -5 105 5 105 5 115 15 
-15 -115 -5 -105 -5 -105 5 -95 0 -100 10 -90 10 -90 20 -80 
85 -15 95 -5 95 -5 105 5 100 0 110 10 110 10 120 20 
-25 -125 -15 -115 -15 -115 -5 -105 -10 -110 0 -100 0 -100 10 -90 
75 -25 85 -15 85 -15 95 -5 90 -10 100 0 100 0 110 10 
-25 -125 -15 -115 -15 -115 -5 -105 -10 -110 0 -100 0 -100 10 -90 
75 -25 85 -15 85 -15 95 -5 90 -10 100 0 100 0 110 10 
-35 -135 -25 -125 -25 -125 -15 -115 -20 -120 -10 -110 -10 -110 0 -100 
65 -35 75 -25 75 -25 85 -15 80 -20 90 -10 90 -10 100 0 

187583 / 605615
-20 -100 10 -130 10 -90 20 -80 15 -105 45 -75 45 -75 75 -105 
100 0 110 10 110 10 120 20 75 15 85 25 145 25 95 35 
-30 -110 0 -100 0 -100 10 -90 5 -95 15 -85 15 -85 25 -75 
90 -10 100 0 100 0 110 10 105 5 115 15 115 15 125 25 
-10 -110 0 -100 0 -100 10 -90 5 -95 15 -85 15 -85 25 -75 
90 -10 100 0 100 0 110 10 105 5 115 15 115 15 125 25 
-20 -120 -10 -110 -10 -110 0 -100 -5 -105 5 -95 5 -95 15 -85 
80 -20 90 -10 90 -10 100 0 95 -5 105 5 105 5 115 15 
-15 -115 -5 -105 -5 -105 5 -95 0 -100 10 -90 10 -90 20 -80 
85 -15 95 -5 95 -5 105 5 100 0 110 10 110 10 120 20 
-25 -125 -15 -115 -15 -115 -5 -105 -10 -110 0 -100 0 -100 10 -90 
75 -25 85 -15 85 -15 95 -5 90 -10 100 0 100 0 110 10 
-25 -125 -15 -115 -15 -115 -5 -105 -10 -110 0 -100 0 -100 10 -90 
75 -25 85 -15 85 -15 95 -5 90 -10 100 0 100 0 110 10 
-35 -135 -25 -125 -25 -125 -15 -115 -20 -120 -10 -110 -10 -110 0 -100 
65 -35 75 -25 75 -25 85 -15 80 -20 90 -10 90 -10 100 0 

187700 / 605615
-20 -100 10 -130 10 -90 20 -80 15 -105 45 -75 45 -75 75 -105 
100 0 110 10 110 10 120 20 75 15 85 25 145 25 95 35 
-30 -110 0 -100 -20 -100 10 -90 5 -95 15 -85 15 -85 25 -75 
90 -10 100 0 100 0 110 10 105 5 115 15 115 15 125 25 
-10 -110 0 -100 0 -100 10 -90 5 -95 15 -85 15 -85 25 -75 
90 -10 100 0 100 0 110 10 105 5 115 15 115 15 125 25 
-20 -120 -10 -110 -10 -110 0 -100 -5 -105 5 -95 5 -95 15 -85 
80 -20 90 -10 90 -10 100 0 95 -5 105 5 105 5 115 15 
-15 -115 -5 -105 -5 -105 5 -95 0 -100 10 -90 10 -90 20 -80 
85 -15 95 -5 95 -5 105 5 100 0 110 10 110 10 120 20 
-25 -125 -15 -115 -15 -115 -5 -105 -10 -110 0 -100 0 -100 10 -90 
75 -25 85 -15 85 -15 95 -5 90 -10 100 0 100 0 110 10 
-25 -125 -15 -115 -15 -115 -5 -105 -10 -110 0 -100 0 -100 10 -90 
75 -25 85 -15 85 -15 95 -5 90 -10 100 0 100 0 110 10 
-35 -135 -25 -125 -25 -125 -15 -115 -20 -120 -10 -110 -10 -110 0 -100 
65 -35 75 -25 75 -25 85 -15 80 -20 90 -10 90 -10 100 0 

187771 / 605615
-20 -100 10 -130 10 -90 20 -80 15 -105 45 -75 45 -75 75 -105 
100 0 110 10 110 10 120 20 75 15 85 25 145 25 95 35 
-30 -110 0 -100 -20 -80 10 -90 5 -95 15 -85 15 -85 25 -75 
90 -10 100 0 100 0 110 10 105 5 115 15 115 15 125 25 
-10 -110 0 -100 0 -100 10 -90 5 -95 15 -85 15 -85 25 -75 
90 -10 100 0 100 0 110 10 105 5 115 15 115 15 125 25 
-20 -120 -10 -110 -10 -110 0 -100 -5 -105 5 -95 5 -95 15 -85 
80 -20 90 -10 90 -10 100 0 95 -5 105 5 105 5 115 15 
-15 -115 -5 -105 -5 -105 5 -95 0 -100 10 -90 10 -90 20 -80 
85 -15 95 -5 95 -5 105 5 100 0 110 10 110 10 120 20 
-25 -125 -15 -115 -15 -115 -5 -105 -10 -110 0 -100 0 -100 10 -90 
75 -25 85 -15 85 -15 95 -5 90 -10 100 0 100 0 110 10 
-25 -125 -15 -115 -15 -115 -5 -105 -10 -110 0 -100 0 -100 10 -90 
75 -25 85 -15 85 -15 95 -5 90 -10 100 0 100 0 110 10 
-35 -135 -25 -125 -25 -125 -15 -115 -20 -120 -10 -110 -10 -110 0 -100 
65 -35 75 -25 75 -25 85 -15 80 -20 90 -10 90 -10 100 0 

187773 / 605615
-20 -100 10 -130 10 -90 20 -80 15 -105 45 -75 45 -75 75 -105 
100 0 110 10 110 10 120 20 75 15 85 25 145 25 95 35 
-30 -110 0 -100 -20 -80 10 -90 5 -115 15 -85 15 -85 25 -75 
90 -10 100 0 100 0 110 10 105 5 115 15 115 15 125 25 
-10 -110 0 -100 0 -100 10 -90 5 -95 15 -85 15 -85 25 -75 
90 -10 100 0 100 0 110 10 105 5 115 15 115 15 125 25 
-20 -120 -10 -110 -10 -110 0 -100 -5 -105 5 -95 5 -95 15 -85 
80 -20 90 -10 90 -10 100 0 95 -5 105 5 105 5 115 15 
-15 -115 -5 -105 -5 -105 5 -95 0 -100 10 -90 10 -90 20 -80 
85 -15 95 -5 95 -5 105 5 100 0 110 10 110 10 120 20 
-25 -125 -15 -115 -15 -115 -5 -105 -10 -110 0 -100 0 -100 10 -90 
75 -25 85 -15 85 -15 95 -5 90 -10 100 0 100 0 110 10 
-25 -125 -15 -115 -15 -115 -5 -105 -10 -110 0 -100 0 -100 10 -90 
75 -25 85 -15 85 -15 95 -5 90 -10 100 0 100 0 110 10 
-35 -135 -25 -125 -25 -125 -15 -115 -20 -120 -10 -110 -10 -110 0 -100 
65 -35 75 -25 75 -25 85 -15 80 -20 90 -10 90 -10 100 0 

187788 / 605615
-20 -100 10 -130 10 -90 20 -80 15 -105 45 -75 45 -75 75 -105 
100 0 110 10 110 10 120 20 75 15 85 25 145 25 95 35 
-30 -110 0 -100 -20 -80 10 -90 5 -135 15 -85 15 -85 25 -75 
90 -10 100 0 100 0 110 10 105 5 115 15 115 15 125 25 
-10 -110 0 -100 0 -100 10 -90 5 -95 15 -85 15 -85 25 -75 
90 -10 100 0 100 0 110 10 105 5 115 15 115 15 125 25 
-20 -120 -10 -110 -10 -110 0 -100 -5 -105 5 -95 5 -95 15 -85 
80 -20 90 -10 90 -10 100 0 95 -5 105 5 105 5 115 15 
-15 -115 -5 -105 -5 -105 5 -95 0 -100 10 -90 10 -90 20 -80 
85 -15 95 -5 95 -5 105 5 100 0 110 10 110 10 120 20 
-25 -125 -15 -115 -15 -115 -5 -105 -10 -110 0 -100 0 -100 10 -90 
75 -25 85 -15 85 -15 95 -5 90 -10 100 0 100 0 110 10 
-25 -125 -15 -115 -15 -115 -5 -105 -10 -110 0 -100 0 -100 10 -90 
75 -25 85 -15 85 -15 95 -5 90 -10 100 0 100 0 110 10 
-35 -135 -25 -125 -25 -125 -15 -115 -20 -120 -10 -110 -10 -110 0 -100 
65 -35 75 -25 75 -25 85 -15 80 -20 90 -10 90 -10 100 0 

187855 / 605615
-20 -100 10 -130 10 -90 20 -80 15 -105 45 -75 45 -75 75 -105 
100 0 110 10 110 10 120 20 75 15 85 25 145 25 95 35 
-30 -110 0 -100 -20 -80 10 -90 5 -135 15 -85 35 -85 25 -75 
90 -10 100 0 100 0 110 10 105 5 115 15 115 15 125 25 
-10 -110 0 -100 0 -100 10 -90 5 -95 15 -85 15 -85 25 -75 
90 -10 100 0 100 0 110 10 105 5 115 15 115 15 125 25 
-20 -120 -10 -110 -10 -110 0 -100 -5 -105 5 -95 5 -95 15 -85 
80 -20 90 -10 90 -10 100 0 95 -5 105 5 105 5 115 15 
-15 -115 -5 -105 -5 -105 5 -95 0 -100 10 -90 10 -90 20 -80 
85 -15 95 -5 95 -5 105 5 100 0 110 10 110 10 120 20 
-25 -125 -15 -115 -15 -115 -5 -105 -10 -110 0 -100 0 -100 10 -90 
75 -25 85 -15 85 -15 95 -5 90 -10 100 0 100 0 110 10 
-25 -125 -15 -115 -15 -115 -5 -105 -10 -110 0 -100 0 -100 10 -90 
75 -25 85 -15 85 -15 95 -5 90 -10 100 0 100 0 110 10 
-35 -135 -25 -125 -25 -125 -15 -115 -20 -120 -10 -110 -10 -110 0 -100 
65 -35 75 -25 75 -25 85 -15 80 -20 90 -10 90 -10 100 0 

187947 / 605615
-20 -100 10 -130 10 -90 20 -80 15 -105 45 -75 45 -75 75 -105 
100 0 110 10 110 10 120 20 75 15 85 25 145 25 95 35 
-30 -110 0 -100 -20 -80 10 -90 5 -135 15 -85 55 -85 25 -75 
90 -10 100 0 100 0 110 10 105 5 115 15 115 15 125 25 
-10 -110 0 -100 0 -100 10 -90 5 -95 15 -85 15 -85 25 -75 
90 -10 100 0 100 0 110 10 105 5 115 15 115 15 125 25 
-20 -120 -10 -110 -10 -110 0 -100 -5 -105 5 -95 5 -95 15 -85 
80 -20 90 -10 90 -10 100 0 95 -5 105 5 105 5 115 15 
-15 -115 -5 -105 -5 -105 5 -95 0 -100 10 -90 10 -90 20 -80 
85 -15 95 -5 95 -5 105 5 100 0 110 10 110 10 120 20 
-25 -125 -15 -115 -15 -115 -5 -105 -10 -110 0 -100 0 -100 10 -90 
75 -25 85 -15 85 -15 95 -5 90 -10 100 0 100 0 110 10 
-25 -125 -15 -115 -15 -115 -5 -105 -10 -110 0 -100 0 -100 10 -90 
75 -25 85 -15 85 -15 95 -5 90 -10 100 0 100 0 110 10 
-35 -135 -25 -125 -25 -125 -15 -115 -20 -120 -10 -110 -10 -110 0 -100 
65 -35 75 -25 75 -25 85 -15 80 -20 90 -10 90 -10 100 0 

188009 / 605615
-20 -100 10 -130 10 -90 20 -80 15 -105 45 -75 45 -75 75 -105 
100 0 110 10 110 10 120 20 75 15 85 25 145 25 95 35 
-30 -110 0 -100 -20 -80 10 -90 5 -135 15 -85 55 -85 25 -75 
110 -10 100 0 100 0 110 10 105 5 115 15 115 15 125 25 
-10 -110 0 -100 0 -100 10 -90 5 -95 15 -85 15 -85 25 -75 
90 -10 100 0 100 0 110 10 105 5 115 15 115 15 125 25 
-20 -120 -10 -110 -10 -110 0 -100 -5 -105 5 -95 5 -95 15 -85 
80 -20 90 -10 90 -10 100 0 95 -5 105 5 105 5 115 15 
-15 -115 -5 -105 -5 -105 5 -95 0 -100 10 -90 10 -90 20 -80 
85 -15 95 -5 95 -5 105 5 100 0 110 10 110 10 120 20 
-25 -125 -15 -115 -15 -115 -5 -105 -10 -110 0 -100 0 -100 10 -90 
75 -25 85 -15 85 -15 95 -5 90 -10 100 0 100 0 110 10 
-25 -125 -15 -115 -15 -115 -5 -105 -10 -110 0 -100 0 -100 10 -90 
75 -25 85 -15 85 -15 95 -5 90 -10 100 0 100 0 110 10 
-35 -135 -25 -125 -25 -125 -15 -115 -20 -120 -10 -110 -10 -110 0 -100 
65 -35 75 -25 75 -25 85 -15 80 -20 90 -10 90 -10 100 0 

188056 / 605615
-20 -100 10 -130 10 -90 20 -80 15 -105 45 -75 45 -75 75 -105 
100 0 110 10 110 10 120 20 75 15 85 25 145 25 95 35 
-30 -110 0 -100 -20 -80 10 -90 5 -135 15 -85 55 -85 25 -75 
110 -10 100 0 100 0 110 10 105 5 115 15 95 15 125 25 
-10 -110 0 -100 0 -100 10 -90 5 -95 15 -85 15 -85 25 -75 
90 -10 100 0 100 0 110 10 105 5 115 15 115 15 125 25 
-20 -120 -10 -110 -10 -110 0 -100 -5 -105 5 -95 5 -95 15 -85 
80 -20 90 -10 90 -10 100 0 95 -5 105 5 105 5 115 15 
-15 -115 -5 -105 -5 -105 5 -95 0 -100 10 -90 10 -90 20 -80 
85 -15 95 -5 95 -5 105 5 100 0 110 10 110 10 120 20 
-25 -125 -15 -115 -15 -115 -5 -105 -10 -110 0 -100 0 -100 10 -90 
75 -25 85 -15 85 -15 95 -5 90 -10 100 0 100 0 110 10 
-25 -125 -15 -115 -15 -115 -5 -105 -10 -110 0 -100 0 -100 10 -90 
75 -25 85 -15 85 -15 95 -5 90 -10 100 0 100 0 110 10 
-35 -135 -25 -125 -25 -125 -15 -115 -20 -120 -10 -110 -10 -110 0 -100 
65 -35 75 -25 75 -25 85 -15 80 -20 90 -10 90 -10 100 0 

188221 / 605615
-20 -100 10 -130 10 -90 20 -80 15 -105 45 -75 45 -75 75 -105 
100 0 110 10 110 10 120 20 75 15 85 25 145 25 95 35 
-30 -110 0 -100 -20 -80 10 -90 5 -135 15 -85 55 -85 25 -75 
110 -10 100 0 100 0 110 10 105 5 115 15 75 15 125 25 
-10 -110 0 -100 0 -100 10 -90 5 -95 15 -85 15 -85 25 -75 
90 -10 100 0 100 0 110 10 105 5 115 15 115 15 125 25 
-20 -120 -10 -110 -10 -110 0 -100 -5 -105 5 -95 5 -95 15 -85 
80 -20 90 -10 90 -10 100 0 95 -5 105 5 105 5 115 15 
-15 -115 -5 -105 -5 -105 5 -95 0 -100 10 -90 10 -90 20 -80 
85 -15 95 -5 95 -5 105 5 100 0 110 10 110 10 120 20 
-25 -125 -15 -115 -15 -115 -5 -105 -10 -110 0 -100 0 -100 10 -90 
75 -25 85 -15 85 -15 95 -5 90 -10 100 0 100 0 110 10 
-25 -125 -15 -115 -15 -115 -5 -105 -10 -110 0 -100 0 -100 10 -90 
75 -25 85 -15 85 -15 95 -5 90 -10 100 0 100 0 110 10 
-35 -135 -25 -125 -25 -125 -15 -115 -20 -120 -10 -110 -10 -110 0 -100 
65 -35 75 -25 75 -25 85 -15 80 -20 90 -10 90 -10 100 0 

188592 / 605615
-20 -100 10 -130 10 -90 20 -80 15 -105 45 -75 45 -75 75 -105 
100 0 110 10 110 10 120 20 75 15 85 25 145 25 95 35 
-30 -110 0 -100 -20 -80 10 -90 5 -135 15 -85 55 -85 25 -75 
110 -10 100 0 100 0 110 10 105 5 115 15 75 15 125 25 
-30 -110 0 -100 0 -100 10 -90 5 -95 15 -85 15 -85 25 -75 
90 -10 100 0 100 0 110 10 105 5 115 15 115 15 125 25 
-20 -120 -10 -110 -10 -110 0 -100 -5 -105 5 -95 5 -95 15 -85 
80 -20 90 -10 90 -10 100 0 95 -5 105 5 105 5 115 15 
-15 -115 -5 -105 -5 -105 5 -95 0 -100 10 -90 10 -90 20 -80 
85 -15 95 -5 95 -5 105 5 100 0 110 10 110 10 120 20 
-25 -125 -15 -115 -15 -115 -5 -105 -10 -110 0 -100 0 -100 10 -90 
75 -25 85 -15 85 -15 95 -5 90 -10 100 0 100 0 110 10 
-25 -125 -15 -115 -15 -115 -5 -105 -10 -110 0 -100 0 -100 10 -90 
75 -25 85 -15 85 -15 95 -5 90 -10 100 0 100 0 110 10 
-35 -135 -25 -125 -25 -125 -15 -115 -20 -120 -10 -110 -10 -110 0 -100 
65 -35 75 -25 75 -25 85 -15 80 -20 90 -10 90 -10 100 0 

188738 / 605615
-20 -100 10 -130 10 -90 20 -80 15 -105 45 -75 45 -75 75 -105 
100 0 110 10 110 10 120 20 75 15 85 25 145 25 95 35 
-30 -110 0 -100 -20 -80 10 -90 5 -135 15 -85 55 -85 25 -75 
110 -10 100 0 100 0 110 10 105 5 115 15 75 15 125 25 
-30 -110 -20 -100 0 -100 10 -90 5 -95 15 -85 15 -85 25 -75 
90 -10 100 0 100 0 110 10 105 5 115 15 115 15 125 25 
-20 -120 -10 -110 -10 -110 0 -100 -5 -105 5 -95 5 -95 15 -85 
80 -20 90 -10 90 -10 100 0 95 -5 105 5 105 5 115 15 
-15 -115 -5 -105 -5 -105 5 -95 0 -100 10 -90 10 -90 20 -80 
85 -15 95 -5 95 -5 105 5 100 0 110 10 110 10 120 20 
-25 -125 -15 -115 -15 -115 -5 -105 -10 -110 0 -100 0 -100 10 -90 
75 -25 85 -15 85 -15 95 -5 90 -10 100 0 100 0 110 10 
-25 -125 -15 -115 -15 -115 -5 -105 -10 -110 0 -100 0 -100 10 -90 
75 -25 85 -15 85 -15 95 -5 90 -10 100 0 100 0 110 10 
-35 -135 -25 -125 -25 -125 -15 -115 -20 -120 -10 -110 -10 -110 0 -100 
65 -35 75 -25 75 -25 85 -15 80 -20 90 -10 90 -10 100 0 

188817 / 605615
-20 -100 10 -130 10 -90 20 -80 15 -105 45 -75 45 -75 75 -105 
100 0 110 10 110 10 120 20 75 15 85 25 145 25 95 35 
-30 -110 0 -100 -20 -80 10 -90 5 -135 15 -85 55 -85 25 -75 
110 -10 100 0 100 0 110 10 105 5 115 15 75 15 125 25 
-30 -110 -20 -80 0 -100 10 -90 5 -95 15 -85 15 -85 25 -75 
90 -10 100 0 100 0 110 10 105 5 115 15 115 15 125 25 
-20 -120 -10 -110 -10 -110 0 -100 -5 -105 5 -95 5 -95 15 -85 
80 -20 90 -10 90 -10 100 0 95 -5 105 5 105 5 115 15 
-15 -115 -5 -105 -5 -105 5 -95 0 -100 10 -90 10 -90 20 -80 
85 -15 95 -5 95 -5 105 5 100 0 110 10 110 10 120 20 
-25 -125 -15 -115 -15 -115 -5 -105 -10 -110 0 -100 0 -100 10 -90 
75 -25 85 -15 85 -15 95 -5 90 -10 100 0 100 0 110 10 
-25 -125 -15 -115 -15 -115 -5 -105 -10 -110 0 -100 0 -100 10 -90 
75 -25 85 -15 85 -15 95 -5 90 -10 100 0 100 0 110 10 
-35 -135 -25 -125 -25 -125 -15 -115 -20 -120 -10 -110 -10 -110 0 -100 
65 -35 75 -25 75 -25 85 -15 80 -20 90 -10 90 -10 100 0 

188830 / 605615
-20 -100 10 -130 10 -90 20 -80 15 -105 45 -75 45 -75 75 -105 
100 0 110 10 110 10 120 20 75 15 85 25 145 25 95 35 
-30 -110 0 -100 -20 -80 10 -90 5 -135 15 -85 55 -85 25 -75 
110 -10 100 0 100 0 110 10 105 5 115 15 75 15 125 25 
-30 -110 -20 -60 0 -100 10 -90 5 -95 15 -85 15 -85 25 -75 
90 -10 100 0 100 0 110 10 105 5 115 15 115 15 125 25 
-20 -120 -10 -110 -10 -110 0 -100 -5 -105 5 -95 5 -95 15 -85 
80 -20 90 -10 90 -10 100 0 95 -5 105 5 105 5 115 15 
-15 -115 -5 -105 -5 -105 5 -95 0 -100 10 -90 10 -90 20 -80 
85 -15 95 -5 95 -5 105 5 100 0 110 10 110 10 120 20 
-25 -125 -15 -115 -15 -115 -5 -105 -10 -110 0 -100 0 -100 10 -90 
75 -25 85 -15 85 -15 95 -5 90 -10 100 0 100 0 110 10 
-25 -125 -15 -115 -15 -115 -5 -105 -10 -110 0 -100 0 -100 10 -90 
75 -25 85 -15 85 -15 95 -5 90 -10 100 0 100 0 110 10 
-35 -135 -25 -125 -25 -125 -15 -115 -20 -120 -10 -110 -10 -110 0 -100 
65 -35 75 -25 75 -25 85 -15 80 -20 90 -10 90 -10 100 0 

188840 / 605615
-20 -100 10 -130 10 -90 20 -80 15 -105 45 -75 45 -75 75 -105 
100 0 110 10 110 10 120 20 75 15 85 25 145 25 95 35 
-30 -110 0 -100 -20 -80 10 -90 5 -135 15 -85 55 -85 25 -75 
110 -10 100 0 100 0 110 10 105 5 115 15 75 15 125 25 
-30 -110 -20 -60 0 -100 10 -90 5 -115 15 -85 15 -85 25 -75 
90 -10 100 0 100 0 110 10 105 5 115 15 115 15 125 25 
-20 -120 -10 -110 -10 -110 0 -100 -5 -105 5 -95 5 -95 15 -85 
80 -20 90 -10 90 -10 100 0 95 -5 105 5 105 5 115 15 
-15 -115 -5 -105 -5 -105 5 -95 0 -100 10 -90 10 -90 20 -80 
85 -15 95 -5 95 -5 105 5 100 0 110 10 110 10 120 20 
-25 -125 -15 -115 -15 -115 -5 -105 -10 -110 0 -100 0 -100 10 -90 
75 -25 85 -15 85 -15 95 -5 90 -10 100 0 100 0 110 10 
-25 -125 -15 -115 -15 -115 -5 -105 -10 -110 0 -100 0 -100 10 -90 
75 -25 85 -15 85 -15 95 -5 90 -10 100 0 100 0 110 10 
-35 -135 -25 -125 -25 -125 -15 -115 -20 -120 -10 -110 -10 -110 0 -100 
65 -35 75 -25 75 -25 85 -15 80 -20 90 -10 90 -10 100 0 

188925 / 605615
-20 -100 10 -130 10 -90 20 -80 15 -105 45 -75 45 -75 75 -105 
100 0 110 10 110 10 120 20 75 15 85 25 145 25 95 35 
-30 -110 0 -100 -20 -80 10 -90 5 -135 15 -85 55 -85 25 -75 
110 -10 100 0 100 0 110 10 105 5 115 15 75 15 125 25 
-30 -110 -20 -60 0 -100 10 -90 5 -115 35 -85 15 -85 25 -75 
90 -10 100 0 100 0 110 10 105 5 115 15 115 15 125 25 
-20 -120 -10 -110 -10 -110 0 -100 -5 -105 5 -95 5 -95 15 -85 
80 -20 90 -10 90 -10 100 0 95 -5 105 5 105 5 115 15 
-15 -115 -5 -105 -5 -105 5 -95 0 -100 10 -90 10 -90 20 -80 
85 -15 95 -5 95 -5 105 5 100 0 110 10 110 10 120 20 
-25 -125 -15 -115 -15 -115 -5 -105 -10 -110 0 -100 0 -100 10 -90 
75 -25 85 -15 85 -15 95 -5 90 -10 100 0 100 0 110 10 
-25 -125 -15 -115 -15 -115 -5 -105 -10 -110 0 -100 0 -100 10 -90 
75 -25 85 -15 85 -15 95 -5 90 -10 100 0 100 0 110 10 
-35 -135 -25 -125 -25 -125 -15 -115 -20 -120 -10 -110 -10 -110 0 -100 
65 -35 75 -25 75 -25 85 -15 80 -20 90 -10 90 -10 100 0 

188931 / 605615
-20 -100 10 -130 10 -90 20 -80 15 -105 45 -75 45 -75 75 -105 
100 0 110 10 110 10 120 20 75 15 85 25 145 25 95 35 
-30 -110 0 -100 -20 -80 10 -90 5 -135 15 -85 55 -85 25 -75 
110 -10 100 0 100 0 110 10 105 5 115 15 75 15 125 25 
-30 -110 -20 -60 0 -100 10 -90 5 -115 55 -85 15 -85 25 -75 
90 -10 100 0 100 0 110 10 105 5 115 15 115 15 125 25 
-20 -120 -10 -110 -10 -110 0 -100 -5 -105 5 -95 5 -95 15 -85 
80 -20 90 -10 90 -10 100 0 95 -5 105 5 105 5 115 15 
-15 -115 -5 -105 -5 -105 5 -95 0 -100 10 -90 10 -90 20 -80 
85 -15 95 -5 95 -5 105 5 100 0 110 10 110 10 120 20 
-25 -125 -15 -115 -15 -115 -5 -105 -10 -110 0 -100 0 -100 10 -90 
75 -25 85 -15 85 -15 95 -5 90 -10 100 0 100 0 110 10 
-25 -125 -15 -115 -15 -115 -5 -105 -10 -110 0 -100 0 -100 10 -90 
75 -25 85 -15 85 -15 95 -5 90 -10 100 0 100 0 110 10 
-35 -135 -25 -125 -25 -125 -15 -115 -20 -120 -10 -110 -10 -110 0 -100 
65 -35 75 -25 75 -25 85 -15 80 -20 90 -10 90 -10 100 0 

188966 / 605615
-20 -100 10 -130 10 -90 20 -80 15 -105 45 -75 45 -75 75 -105 
100 0 110 10 110 10 120 20 75 15 85 25 145 25 95 35 
-30 -110 0 -100 -20 -80 10 -90 5 -135 15 -85 55 -85 25 -75 
110 -10 100 0 100 0 110 10 105 5 115 15 75 15 125 25 
-30 -110 -20 -60 0 -100 10 -90 5 -115 55 -85 15 -85 25 -75 
110 -10 100 0 100 0 110 10 105 5 115 15 115 15 125 25 
-20 -120 -10 -110 -10 -110 0 -100 -5 -105 5 -95 5 -95 15 -85 
80 -20 90 -10 90 -10 100 0 95 -5 105 5 105 5 115 15 
-15 -115 -5 -105 -5 -105 5 -95 0 -100 10 -90 10 -90 20 -80 
85 -15 95 -5 95 -5 105 5 100 0 110 10 110 10 120 20 
-25 -125 -15 -115 -15 -115 -5 -105 -10 -110 0 -100 0 -100 10 -90 
75 -25 85 -15 85 -15 95 -5 90 -10 100 0 100 0 110 10 
-25 -125 -15 -115 -15 -115 -5 -105 -10 -110 0 -100 0 -100 10 -90 
75 -25 85 -15 85 -15 95 -5 90 -10 100 0 100 0 110 10 
-35 -135 -25 -125 -25 -125 -15 -115 -20 -120 -10 -110 -10 -110 0 -100 
65 -35 75 -25 75 -25 85 -15 80 -20 90 -10 90 -10 100 0 

189048 / 605615
-20 -100 10 -130 10 -90 20 -80 15 -105 45 -75 45 -75 75 -105 
100 0 110 10 110 10 120 20 75 15 85 25 145 25 95 35 
-30 -110 0 -100 -20 -80 10 -90 5 -135 15 -85 55 -85 25 -75 
110 -10 100 0 100 0 110 10 105 5 115 15 75 15 125 25 
-30 -110 -20 -60 0 -100 10 -90 5 -115 55 -85 15 -85 25 -75 
110 -10 100 0 100 0 110 10 125 5 115 15 115 15 125 25 
-20 -120 -10 -110 -10 -110 0 -100 -5 -105 5 -95 5 -95 15 -85 
80 -20 90 -10 90 -10 100 0 95 -5 105 5 105 5 115 15 
-15 -115 -5 -105 -5 -105 5 -95 0 -100 10 -90 10 -90 20 -80 
85 -15 95 -5 95 -5 105 5 100 0 110 10 110 10 120 20 
-25 -125 -15 -115 -15 -115 -5 -105 -10 -110 0 -100 0 -100 10 -90 
75 -25 85 -15 85 -15 95 -5 90 -10 100 0 100 0 110 10 
-25 -125 -15 -115 -15 -115 -5 -105 -10 -110 0 -100 0 -100 10 -90 
75 -25 85 -15 85 -15 95 -5 90 -10 100 0 100 0 110 10 
-35 -135 -25 -125 -25 -125 -15 -115 -20 -120 -10 -110 -10 -110 0 -100 
65 -35 75 -25 75 -25 85 -15 80 -20 90 -10 90 -10 100 0 

189052 / 605615
-20 -100 10 -130 10 -90 20 -80 15 -105 45 -75 45 -75 75 -105 
100 0 110 10 110 10 120 20 75 15 85 25 145 25 95 35 
-30 -110 0 -100 -20 -80 10 -90 5 -135 15 -85 55 -85 25 -75 
110 -10 100 0 100 0 110 10 105 5 115 15 75 15 125 25 
-30 -110 -20 -60 0 -100 10 -90 5 -115 55 -85 15 -85 25 -75 
110 -10 100 0 100 0 110 10 145 5 115 15 115 15 125 25 
-20 -120 -10 -110 -10 -110 0 -100 -5 -105 5 -95 5 -95 15 -85 
80 -20 90 -10 90 -10 100 0 95 -5 105 5 105 5 115 15 
-15 -115 -5 -105 -5 -105 5 -95 0 -100 10 -90 10 -90 20 -80 
85 -15 95 -5 95 -5 105 5 100 0 110 10 110 10 120 20 
-25 -125 -15 -115 -15 -115 -5 -105 -10 -110 0 -100 0 -100 10 -90 
75 -25 85 -15 85 -15 95 -5 90 -10 100 0 100 0 110 10 
-25 -125 -15 -115 -15 -115 -5 -105 -10 -110 0 -100 0 -100 10 -90 
75 -25 85 -15 85 -15 95 -5 90 -10 100 0 100 0 110 10 
-35 -135 -25 -125 -25 -125 -15 -115 -20 -120 -10 -110 -10 -110 0 -100 
65 -35 75 -25 75 -25 85 -15 80 -20 90 -10 90 -10 100 0 

189087 / 605615
-20 -100 10 -130 10 -90 20 -80 15 -105 45 -75 45 -75 75 -105 
100 0 110 10 110 10 120 20 75 15 85 25 145 25 95 35 
-30 -110 0 -100 -20 -80 10 -90 5 -135 15 -85 55 -85 25 -75 
110 -10 100 0 100 0 110 10 105 5 115 15 75 15 125 25 
-30 -110 -20 -60 0 -100 10 -90 5 -115 55 -85 15 -85 25 -75 
110 -10 100 0 100 0 110 10 145 5 95 15 115 15 125 25 
-20 -120 -10 -110 -10 -110 0 -100 -5 -105 5 -95 5 -95 15 -85 
80 -20 90 -10 90 -10 100 0 95 -5 105 5 105 5 115 15 
-15 -115 -5 -105 -5 -105 5 -95 0 -100 10 -90 10 -90 20 -80 
85 -15 95 -5 95 -5 105 5 100 0 110 10 110 10 120 20 
-25 -125 -15 -115 -15 -115 -5 -105 -10 -110 0 -100 0 -100 10 -90 
75 -25 85 -15 85 -15 95 -5 90 -10 100 0 100 0 110 10 
-25 -125 -15 -115 -15 -115 -5 -105 -10 -110 0 -100 0 -100 10 -90 
75 -25 85 -15 85 -15 95 -5 90 -10 100 0 100 0 110 10 
-35 -135 -25 -125 -25 -125 -15 -115 -20 -120 -10 -110 -10 -110 0 -100 
65 -35 75 -25 75 -25 85 -15 80 -20 90 -10 90 -10 100 0 

189221 / 605615
-20 -100 10 -130 10 -90 20 -80 15 -105 45 -75 45 -75 75 -105 
100 0 110 10 110 10 120 20 75 15 85 25 145 25 95 35 
-30 -110 0 -100 -20 -80 10 -90 5 -135 15 -85 55 -85 25 -75 
110 -10 100 0 100 0 110 10 105 5 115 15 75 15 125 25 
-30 -110 -20 -60 0 -100 10 -90 5 -115 55 -85 15 -85 25 -75 
110 -10 100 0 100 0 110 10 145 5 75 15 115 15 125 25 
-20 -120 -10 -110 -10 -110 0 -100 -5 -105 5 -95 5 -95 15 -85 
80 -20 90 -10 90 -10 100 0 95 -5 105 5 105 5 115 15 
-15 -115 -5 -105 -5 -105 5 -95 0 -100 10 -90 10 -90 20 -80 
85 -15 95 -5 95 -5 105 5 100 0 110 10 110 10 120 20 
-25 -125 -15 -115 -15 -115 -5 -105 -10 -110 0 -100 0 -100 10 -90 
75 -25 85 -15 85 -15 95 -5 90 -10 100 0 100 0 110 10 
-25 -125 -15 -115 -15 -115 -5 -105 -10 -110 0 -100 0 -100 10 -90 
75 -25 85 -15 85 -15 95 -5 90 -10 100 0 100 0 110 10 
-35 -135 -25 -125 -25 -125 -15 -115 -20 -120 -10 -110 -10 -110 0 -100 
65 -35 75 -25 75 -25 85 -15 80 -20 90 -10 90 -10 100 0 

189273 / 605615
-20 -100 10 -130 10 -90 20 -80 15 -105 45 -75 45 -75 75 -105 
100 0 110 10 110 10 120 20 75 15 85 25 145 25 95 35 
-30 -110 0 -100 -20 -80 10 -90 5 -135 15 -85 55 -85 25 -75 
110 -10 100 0 100 0 110 10 105 5 115 15 75 15 125 25 
-30 -110 -20 -60 0 -100 10 -90 5 -115 55 -85 15 -85 25 -75 
110 -10 100 0 100 0 110 10 145 5 75 15 115 15 125 25 
-40 -120 -10 -110 -10 -110 0 -100 -5 -105 5 -95 5 -95 15 -85 
80 -20 90 -10 90 -10 100 0 95 -5 105 5 105 5 115 15 
-15 -115 -5 -105 -5 -105 5 -95 0 -100 10 -90 10 -90 20 -80 
85 -15 95 -5 95 -5 105 5 100 0 110 10 110 10 120 20 
-25 -125 -15 -115 -15 -115 -5 -105 -10 -110 0 -100 0 -100 10 -90 
75 -25 85 -15 85 -15 95 -5 90 -10 100 0 100 0 110 10 
-25 -125 -15 -115 -15 -115 -5 -105 -10 -110 0 -100 0 -100 10 -90 
75 -25 85 -15 85 -15 95 -5 90 -10 100 0 100 0 110 10 
-35 -135 -25 -125 -25 -125 -15 -115 -20 -120 -10 -110 -10 -110 0 -100 
65 -35 75 -25 75 -25 85 -15 80 -20 90 -10 90 -10 100 0 

189292 / 605615
-20 -100 10 -130 10 -90 20 -80 15 -105 45 -75 45 -75 75 -105 
100 0 110 10 110 10 120 20 75 15 85 25 145 25 95 35 
-30 -110 0 -100 -20 -80 10 -90 5 -135 15 -85 55 -85 25 -75 
110 -10 100 0 100 0 110 10 105 5 115 15 75 15 125 25 
-30 -110 -20 -60 0 -100 10 -90 5 -115 55 -85 15 -85 25 -75 
110 -10 100 0 100 0 110 10 145 5 75 15 115 15 125 25 
-40 -120 -10 -110 -10 -110 0 -100 -5 -105 5 -95 5 -95 15 -85 
100 -20 90 -10 90 -10 100 0 95 -5 105 5 105 5 115 15 
-15 -115 -5 -105 -5 -105 5 -95 0 -100 10 -90 10 -90 20 -80 
85 -15 95 -5 95 -5 105 5 100 0 110 10 110 10 120 20 
-25 -125 -15 -115 -15 -115 -5 -105 -10 -110 0 -100 0 -100 10 -90 
75 -25 85 -15 85 -15 95 -5 90 -10 100 0 100 0 110 10 
-25 -125 -15 -115 -15 -115 -5 -105 -10 -110 0 -100 0 -100 10 -90 
75 -25 85 -15 85 -15 95 -5 90 -10 100 0 100 0 110 10 
-35 -135 -25 -125 -25 -125 -15 -115 -20 -120 -10 -110 -10 -110 0 -100 
